ChannelNumber N(E) W P G(Z,W) Value Energy(MeV) Momentum(MeV/c) N(p)
0.000000 0.000000 1.000000 0.000000 28.260000 0.000000 0.000000 0.000000 0.000000
1.000000 0.000000 1.006053 0.110192 28.175434 0.000000 0.003093 0.003093 0.000000
2.000000 95.000000 1.012108 0.156083 28.093343 1.816910 0.006187 0.006187 95.000000
3.000000 2251.000000 1.018160 0.191444 28.012003 8.804393 0.009280 0.009280 2251.000000
4.000000 1973.000000 1.024215 0.221398 27.931091 8.205940 0.012374 0.012374 1973.000000
5.000000 997.000000 1.030268 0.247896 27.850693 5.807368 0.015467 0.015467 997.000000
6.000000 548.000000 1.036321 0.271958 27.770853 4.286486 0.018560 0.018560 548.000000
7.000000 354.000000 1.042376 0.294189 27.691569 3.430075 0.021654 0.021654 354.000000
8.000000 342.000000 1.048429 0.314964 27.612898 3.356744 0.024747 0.024747 342.000000
9.000000 357.000000 1.054483 0.334567 27.534823 3.414705 0.027841 0.027841 357.000000
10.000000 368.000000 1.060536 0.353181 27.457431 3.451981 0.030934 0.030934 368.000000
11.000000 425.000000 1.066589 0.370961 27.380721 3.693813 0.034027 0.034027 425.000000
12.000000 334.000000 1.072644 0.388027 27.304681 3.260612 0.037121 0.037121 334.000000
13.000000 275.000000 1.078697 0.404458 27.229370 2.946105 0.040214 0.040214 275.000000
14.000000 399.000000 1.084751 0.420340 27.154767 3.533728 0.043308 0.043308 399.000000
15.000000 378.000000 1.090804 0.435722 27.080979 3.425050 0.046401 0.046401 378.000000
16.000000 470.000000 1.096857 0.450661 27.008032 3.803228 0.049494 0.049494 470.000000
17.000000 579.000000 1.102912 0.465204 26.935947 4.203706 0.052588 0.052588 579.000000
18.000000 524.000000 1.108965 0.479378 26.864806 3.982502 0.055681 0.055681 524.000000
19.000000 613.000000 1.115020 0.493223 26.794593 4.289673 0.058775 0.058775 613.000000
20.000000 530.000000 1.121072 0.506758 26.725376 3.972303 0.061868 0.061868 530.000000
21.000000 603.000000 1.127125 0.520011 26.657068 4.219687 0.064961 0.064961 603.000000
22.000000 589.000000 1.133180 0.533008 26.589512 4.153398 0.068055 0.068055 589.000000
23.000000 629.000000 1.139233 0.545758 26.522629 4.274689 0.071148 0.071148 629.000000
24.000000 656.000000 1.145288 0.558287 26.456263 4.347835 0.074242 0.074242 656.000000
25.000000 624.000000 1.151341 0.570601 26.390360 4.223435 0.077335 0.077335 624.000000
26.000000 676.000000 1.157393 0.582717 26.324809 4.378343 0.080428 0.080428 676.000000
27.000000 765.000000 1.163448 0.594652 26.259507 4.639171 0.083522 0.083522 765.000000
28.000000 668.000000 1.169501 0.606410 26.194427 4.318006 0.086615 0.086615 668.000000
29.000000 761.000000 1.175556 0.618006 26.129540 4.590745 0.089709 0.089709 761.000000
30.000000 725.000000 1.181609 0.629443 26.064967 4.463410 0.092802 0.092802 725.000000
31.000000 710.000000 1.187661 0.640734 26.000759 4.399907 0.095895 0.095895 710.000000
32.000000 849.000000 1.193716 0.651888 25.936967 4.792842 0.098989 0.098989 849.000000
33.000000 920.000000 1.199769 0.662907 25.873694 4.970122 0.102082 0.102082 920.000000
34.000000 782.000000 1.205824 0.673804 25.810961 4.564754 0.105176 0.105176 782.000000
35.000000 828.000000 1.211877 0.684577 25.748863 4.679266 0.108269 0.108269 828.000000
36.000000 923.000000 1.217930 0.695235 25.687434 4.921736 0.111362 0.111362 923.000000
37.000000 921.000000 1.223984 0.705789 25.626702 4.897874 0.114456 0.114456 921.000000
38.000000 868.000000 1.230037 0.716234 25.566711 4.737009 0.117549 0.117549 868.000000
39.000000 911.000000 1.236092 0.726583 25.507394 4.834765 0.120643 0.120643 911.000000
40.000000 926.000000 1.242145 0.736834 25.448762 4.856238 0.123736 0.123736 926.000000
41.000000 1038.000000 1.248198 0.746992 25.390769 5.122446 0.126829 0.126829 1038.000000
42.000000 990.000000 1.254252 0.757066 25.333371 4.984093 0.129923 0.129923 990.000000
43.000000 983.000000 1.260305 0.767052 25.276584 4.948138 0.133016 0.133016 983.000000
44.000000 1021.000000 1.266360 0.776961 25.220349 5.024353 0.136110 0.136110 1021.000000
45.000000 975.000000 1.272413 0.786788 25.164681 4.891911 0.139203 0.139203 975.000000
46.000000 995.000000 1.278466 0.796539 25.109543 4.923830 0.142296 0.142296 995.000000
47.000000 1015.000000 1.284521 0.806221 25.054900 4.955023 0.145390 0.145390 1015.000000
48.000000 1142.000000 1.290573 0.815831 25.000766 5.236893 0.148483 0.148483 1142.000000
49.000000 1081.000000 1.296628 0.825375 24.947086 5.076770 0.151577 0.151577 1081.000000
50.000000 1034.000000 1.302681 0.834852 24.893875 4.947388 0.154670 0.154670 1034.000000
51.000000 1105.000000 1.308734 0.844266 24.841097 5.096176 0.157763 0.157763 1105.000000
52.000000 1145.000000 1.314789 0.853621 24.788718 5.169157 0.160857 0.160857 1145.000000
53.000000 1003.000000 1.320841 0.862915 24.736755 4.820903 0.163950 0.163950 1003.000000
54.000000 1082.000000 1.326896 0.872155 24.685157 4.989519 0.167044 0.167044 1082.000000
55.000000 1112.000000 1.332949 0.881336 24.633943 5.040479 0.170137 0.170137 1112.000000
56.000000 1173.000000 1.339002 0.890464 24.583082 5.158811 0.173230 0.173230 1173.000000
57.000000 1208.000000 1.345057 0.899543 24.532543 5.217009 0.176324 0.176324 1208.000000
58.000000 1176.000000 1.351110 0.908569 24.482347 5.129636 0.179417 0.179417 1176.000000
59.000000 1093.000000 1.357164 0.917548 24.432466 4.928264 0.182511 0.182511 1093.000000
60.000000 1154.000000 1.363217 0.926478 24.382940 5.046553 0.185604 0.185604 1154.000000
61.000000 1191.000000 1.369270 0.935361 24.333758 5.109309 0.188697 0.188697 1191.000000
62.000000 1146.000000 1.375325 0.944203 24.284911 4.994808 0.191791 0.191791 1146.000000
63.000000 1154.000000 1.381378 0.952998 24.236438 4.995237 0.194884 0.194884 1154.000000
64.000000 1122.000000 1.387432 0.961753 24.188315 4.908873 0.197978 0.197978 1122.000000
65.000000 1165.000000 1.393485 0.970464 24.140578 4.985248 0.201071 0.201071 1165.000000
66.000000 1137.000000 1.399538 0.979136 24.093219 4.908492 0.204164 0.204164 1137.000000
67.000000 1115.000000 1.405593 0.987771 24.046228 4.844560 0.207258 0.207258 1115.000000
68.000000 1220.000000 1.411646 0.996365 23.999643 5.050702 0.210351 0.210351 1220.000000
69.000000 1139.000000 1.417701 1.004925 23.953439 4.863998 0.213445 0.213445 1139.000000
70.000000 1184.000000 1.423753 1.013447 23.907643 4.942796 0.216538 0.216538 1184.000000
71.000000 1190.000000 1.429806 1.021932 23.862230 4.939020 0.219631 0.219631 1190.000000
72.000000 1240.000000 1.435861 1.030387 23.817178 5.025199 0.222725 0.222725 1240.000000
73.000000 1189.000000 1.441914 1.038805 23.772505 4.904719 0.225818 0.225818 1189.000000
74.000000 1157.000000 1.447969 1.047193 23.728174 4.822535 0.228912 0.228912 1157.000000
75.000000 1193.000000 1.454022 1.055547 23.684206 4.881125 0.232005 0.232005 1193.000000
76.000000 1152.000000 1.460074 1.063869 23.640578 4.781038 0.235098 0.235098 1152.000000
77.000000 1181.000000 1.466129 1.072164 23.597269 4.825273 0.238192 0.238192 1181.000000
78.000000 1185.000000 1.472182 1.080426 23.554297 4.817953 0.241285 0.241285 1185.000000
79.000000 1139.000000 1.478237 1.088662 23.511629 4.708434 0.244379 0.244379 1139.000000
80.000000 1268.000000 1.484290 1.096866 23.469284 4.952119 0.247472 0.247472 1268.000000
81.000000 1176.000000 1.490342 1.105043 23.427243 4.753976 0.250565 0.250565 1176.000000
82.000000 1101.000000 1.496397 1.113196 23.385483 4.585361 0.253659 0.253659 1101.000000
83.000000 1122.000000 1.502450 1.121319 23.344027 4.614328 0.256752 0.256752 1122.000000
84.000000 1171.000000 1.508505 1.129419 23.302840 4.699236 0.259846 0.259846 1171.000000
85.000000 1072.000000 1.514558 1.137491 23.261944 4.482172 0.262939 0.262939 1072.000000
86.000000 1184.000000 1.520611 1.145538 23.221318 4.695852 0.266032 0.266032 1184.000000
87.000000 1148.000000 1.526665 1.153563 23.180943 4.609582 0.269126 0.269126 1148.000000
88.000000 1119.000000 1.532718 1.161561 23.140841 4.536941 0.272219 0.272219 1119.000000
89.000000 1164.000000 1.538773 1.169539 23.100980 4.613035 0.275313 0.275313 1164.000000
90.000000 1118.000000 1.544826 1.177492 23.061379 4.507116 0.278406 0.278406 1118.000000
91.000000 1142.000000 1.550879 1.185422 23.022021 4.541335 0.281499 0.281499 1142.000000
92.000000 1093.000000 1.556933 1.193332 22.982887 4.429327 0.284593 0.284593 1093.000000
93.000000 1016.000000 1.562986 1.201219 22.943999 4.257524 0.287686 0.287686 1016.000000
94.000000 1063.000000 1.569041 1.209086 22.905327 4.341743 0.290780 0.290780 1063.000000
95.000000 1156.000000 1.575094 1.216931 22.866894 4.514076 0.293873 0.293873 1156.000000
96.000000 1194.000000 1.581147 1.224755 22.828687 4.573930 0.296966 0.296966 1194.000000
97.000000 1118.000000 1.587202 1.232562 22.790692 4.412757 0.300060 0.300060 1118.000000
98.000000 1081.000000 1.593254 1.240347 22.752934 4.326224 0.303153 0.303153 1081.000000
99.000000 1014.000000 1.599309 1.248115 22.715387 4.177596 0.306247 0.306247 1014.000000
100.000000 1061.000000 1.605362 1.255861 22.678075 4.260706 0.309340 0.309340 1061.000000
101.000000 1065.000000 1.611415 1.263589 22.640983 4.256178 0.312433 0.312433 1065.000000
102.000000 1070.000000 1.617470 1.271302 22.604101 4.253654 0.315527 0.315527 1070.000000
103.000000 1038.000000 1.623523 1.278994 22.567450 4.177333 0.318620 0.318620 1038.000000
104.000000 1047.000000 1.629577 1.286671 22.531008 4.183195 0.321714 0.321714 1047.000000
105.000000 970.000000 1.635630 1.294328 22.494795 4.014761 0.324807 0.324807 970.000000
106.000000 939.000000 1.641683 1.301969 22.458801 3.938676 0.327900 0.327900 939.000000
107.000000 1015.000000 1.647738 1.309595 22.423013 4.083175 0.330994 0.330994 1015.000000
108.000000 957.000000 1.653791 1.317203 22.387453 3.953421 0.334087 0.334087 957.000000
109.000000 938.000000 1.659845 1.324797 22.352099 3.902785 0.337181 0.337181 938.000000
110.000000 992.000000 1.665898 1.332373 22.316972 4.002117 0.340274 0.340274 992.000000
111.000000 950.000000 1.671951 1.339933 22.282061 3.905355 0.343367 0.343367 950.000000
112.000000 955.000000 1.678006 1.347481 22.247354 3.904532 0.346461 0.346461 955.000000
113.000000 969.000000 1.684059 1.355011 22.212874 3.921952 0.349554 0.349554 969.000000
114.000000 910.000000 1.690114 1.362528 22.178597 3.789988 0.352648 0.352648 910.000000
115.000000 907.000000 1.696166 1.370029 22.144545 3.773130 0.355741 0.355741 907.000000
116.000000 905.000000 1.702219 1.377516 22.110708 3.758439 0.358834 0.358834 905.000000
117.000000 875.000000 1.708274 1.384991 22.077073 3.685325 0.361928 0.361928 875.000000
118.000000 834.000000 1.714327 1.392450 22.043663 3.587959 0.365021 0.365021 834.000000
119.000000 843.000000 1.720382 1.399897 22.010456 3.597282 0.368115 0.368115 843.000000
120.000000 897.000000 1.726434 1.407329 21.977473 3.700473 0.371208 0.371208 897.000000
121.000000 818.000000 1.732487 1.414748 21.944699 3.524048 0.374301 0.374301 818.000000
122.000000 804.000000 1.738542 1.422156 21.912120 3.484180 0.377395 0.377395 804.000000
123.000000 839.000000 1.744595 1.429549 21.879755 3.549483 0.380488 0.380488 839.000000
124.000000 787.000000 1.750650 1.436932 21.847579 3.428360 0.383582 0.383582 787.000000
125.000000 789.000000 1.756703 1.444300 21.815610 3.423392 0.386675 0.386675 789.000000
126.000000 766.000000 1.762755 1.451656 21.783833 3.363994 0.389768 0.389768 766.000000
127.000000 762.000000 1.768810 1.459003 21.752235 3.346142 0.392862 0.392862 762.000000
128.000000 742.000000 1.774863 1.466335 21.720833 3.293054 0.395955 0.395955 742.000000
129.000000 703.000000 1.780918 1.473658 21.689604 3.196745 0.399049 0.399049 703.000000
130.000000 743.000000 1.786971 1.480967 21.658566 3.277647 0.402142 0.402142 743.000000
131.000000 651.000000 1.793023 1.488265 21.627704 3.059844 0.405235 0.405235 651.000000
132.000000 688.000000 1.799078 1.495554 21.597005 3.137237 0.408329 0.408329 688.000000
133.000000 703.000000 1.805131 1.502830 21.566488 3.162854 0.411422 0.411422 703.000000
134.000000 666.000000 1.811186 1.510097 21.536128 3.070367 0.414516 0.414516 666.000000
135.000000 625.000000 1.817239 1.517352 21.505943 2.966530 0.417609 0.417609 625.000000
136.000000 685.000000 1.823292 1.524596 21.475920 3.097514 0.420702 0.420702 685.000000
137.000000 720.000000 1.829346 1.531832 21.446046 3.167355 0.423796 0.423796 720.000000
138.000000 624.000000 1.835399 1.539055 21.416339 2.940960 0.426889 0.426889 624.000000
139.000000 633.000000 1.841454 1.546271 21.386775 2.954393 0.429983 0.429983 633.000000
140.000000 617.000000 1.847507 1.553474 21.357372 2.909261 0.433076 0.433076 617.000000
141.000000 552.000000 1.853560 1.560668 21.328117 2.744648 0.436169 0.436169 552.000000
142.000000 623.000000 1.859614 1.567854 21.298998 2.908315 0.439263 0.439263 623.000000
143.000000 590.000000 1.865667 1.575028 21.270032 2.822980 0.442356 0.442356 590.000000
144.000000 555.000000 1.871722 1.582196 21.241196 2.730962 0.445450 0.445450 555.000000
145.000000 520.000000 1.877775 1.589352 21.212508 2.636709 0.448543 0.448543 520.000000
146.000000 530.000000 1.883828 1.596498 21.183955 2.655175 0.451636 0.451636 530.000000
147.000000 541.000000 1.889883 1.603638 21.155525 2.675789 0.454730 0.454730 541.000000
148.000000 502.000000 1.895935 1.610767 21.127235 2.571029 0.457823 0.457823 502.000000
149.000000 526.000000 1.901990 1.617890 21.099066 2.625143 0.460917 0.460917 526.000000
150.000000 502.000000 1.908043 1.625001 21.071035 2.558119 0.464010 0.464010 502.000000
151.000000 481.000000 1.914096 1.632104 21.043131 2.497777 0.467103 0.467103 481.000000
152.000000 499.000000 1.920151 1.639201 21.015344 2.537738 0.470197 0.470197 499.000000
153.000000 488.000000 1.926204 1.646287 20.987692 2.503372 0.473290 0.473290 488.000000
154.000000 448.000000 1.932258 1.653367 20.960155 2.392636 0.476384 0.476384 448.000000
155.000000 458.000000 1.938311 1.660437 20.932750 2.413215 0.479477 0.479477 458.000000
156.000000 452.000000 1.944364 1.667499 20.905467 2.391452 0.482570 0.482570 452.000000
157.000000 387.000000 1.950419 1.674555 20.878296 2.207395 0.485664 0.485664 387.000000
158.000000 429.000000 1.956472 1.681601 20.851254 2.318403 0.488757 0.488757 429.000000
159.000000 395.000000 1.962526 1.688641 20.824323 2.219206 0.491851 0.491851 395.000000
160.000000 455.000000 1.968579 1.695672 20.797518 2.376003 0.494944 0.494944 455.000000
161.000000 399.000000 1.974632 1.702695 20.770830 2.219593 0.498037 0.498037 399.000000
162.000000 370.000000 1.980687 1.709714 20.744250 2.132240 0.501131 0.501131 370.000000
163.000000 341.000000 1.986740 1.716722 20.717794 2.042041 0.504224 0.504224 341.000000
164.000000 386.000000 1.992795 1.723726 20.691443 2.167383 0.507318 0.507318 386.000000
165.000000 352.000000 1.998847 1.730720 20.665214 2.064770 0.510411 0.510411 352.000000
166.000000 356.000000 2.004900 1.737707 20.639098 2.071509 0.513504 0.513504 356.000000
167.000000 328.000000 2.010955 1.744689 20.613085 1.983641 0.516598 0.516598 328.000000
168.000000 339.000000 2.017008 1.751662 20.587190 2.011841 0.519691 0.519691 339.000000
169.000000 331.000000 2.023063 1.758631 20.561398 1.983254 0.522785 0.522785 331.000000
170.000000 324.000000 2.029115 1.765590 20.535722 1.957540 0.525878 0.525878 324.000000
171.000000 314.000000 2.035168 1.772543 20.510155 1.922561 0.528971 0.528971 314.000000
172.000000 275.000000 2.041223 1.779492 20.484686 1.794987 0.532065 0.532065 275.000000
173.000000 271.000000 2.047276 1.786432 20.459332 1.777717 0.535158 0.535158 271.000000
174.000000 250.000000 2.053331 1.793368 20.434076 1.703467 0.538252 0.538252 250.000000
175.000000 229.000000 2.059384 1.800295 20.408932 1.626561 0.541345 0.541345 229.000000
176.000000 241.000000 2.065436 1.807215 20.383893 1.664766 0.544438 0.544438 241.000000
177.000000 271.000000 2.071491 1.814132 20.358949 1.761262 0.547532 0.547532 271.000000
178.000000 214.000000 2.077544 1.821041 20.334117 1.561507 0.550625 0.550625 214.000000
179.000000 223.000000 2.083599 1.827945 20.309380 1.590340 0.553719 0.553719 223.000000
180.000000 180.000000 2.089652 1.834842 20.284754 1.425534 0.556812 0.556812 180.000000
181.000000 214.000000 2.095705 1.841732 20.260231 1.550796 0.559905 0.559905 214.000000
182.000000 189.000000 2.101759 1.848619 20.235803 1.454078 0.562999 0.562999 189.000000
183.000000 178.000000 2.107812 1.855498 20.211485 1.407923 0.566092 0.566092 178.000000
184.000000 172.000000 2.113867 1.862373 20.187262 1.380854 0.569186 0.569186 172.000000
185.000000 152.000000 2.119920 1.869240 20.163149 1.295159 0.572279 0.572279 152.000000
186.000000 155.000000 2.125973 1.876102 20.139138 1.304932 0.575372 0.575372 155.000000
187.000000 136.000000 2.132027 1.882961 20.115220 1.219591 0.578466 0.578466 136.000000
188.000000 189.000000 2.138080 1.889811 20.091412 1.434504 0.581559 0.581559 189.000000
189.000000 141.000000 2.144135 1.896659 20.067698 1.236257 0.584653 0.584653 141.000000
190.000000 130.000000 2.150188 1.903499 20.044093 1.184410 0.587746 0.587746 130.000000
191.000000 144.000000 2.156241 1.910333 20.020588 1.243786 0.590839 0.590839 144.000000
192.000000 111.000000 2.162295 1.917165 19.997177 1.089587 0.593933 0.593933 111.000000
193.000000 135.000000 2.168348 1.923989 19.973875 1.198965 0.597026 0.597026 135.000000
194.000000 109.000000 2.174403 1.930810 19.950666 1.074965 0.600120 0.600120 109.000000
195.000000 98.000000 2.180456 1.937624 19.927565 1.017041 0.603213 0.603213 98.000000
196.000000 106.000000 2.186509 1.944433 19.904564 1.055420 0.606306 0.606306 106.000000
197.000000 76.000000 2.192564 1.951239 19.881656 0.891720 0.609400 0.609400 76.000000
198.000000 93.000000 2.198616 1.958038 19.858855 0.984271 0.612493 0.612493 93.000000
199.000000 91.000000 2.204671 1.964835 19.836148 0.971512 0.615587 0.615587 91.000000
200.000000 91.000000 2.210724 1.971624 19.813547 0.969405 0.618680 0.618680 91.000000
201.000000 76.000000 2.216777 1.978408 19.791047 0.883996 0.621773 0.621773 76.000000
202.000000 71.000000 2.222832 1.985190 19.768639 0.852578 0.624867 0.624867 71.000000
203.000000 50.000000 2.228885 1.991965 19.746338 0.713928 0.627960 0.627960 50.000000
204.000000 68.000000 2.234939 1.998738 19.724129 0.830787 0.631054 0.631054 68.000000
205.000000 55.000000 2.240992 2.005504 19.702027 0.745565 0.634147 0.634147 55.000000
206.000000 56.000000 2.247045 2.012265 19.680023 0.750705 0.637240 0.637240 56.000000
207.000000 45.000000 2.253100 2.019024 19.658110 0.671514 0.640334 0.640334 45.000000
208.000000 60.000000 2.259153 2.025777 19.636300 0.773749 0.643427 0.643427 60.000000
209.000000 43.000000 2.265207 2.032527 19.614580 0.653637 0.646521 0.646521 43.000000
210.000000 43.000000 2.271260 2.039270 19.592961 0.652255 0.649614 0.649614 43.000000
211.000000 46.000000 2.277313 2.046010 19.571437 0.673201 0.652707 0.652707 46.000000
212.000000 33.000000 2.283368 2.052747 19.549998 0.568994 0.655801 0.655801 33.000000
213.000000 30.000000 2.289421 2.059477 19.528659 0.541376 0.658894 0.658894 30.000000
214.000000 31.000000 2.295476 2.066206 19.507403 0.549172 0.661988 0.661988 31.000000
215.000000 25.000000 2.301528 2.072929 19.486245 0.492141 0.665081 0.665081 25.000000
216.000000 34.000000 2.307581 2.079647 19.465177 0.572734 0.668174 0.668174 34.000000
217.000000 27.000000 2.313636 2.086363 19.444190 0.509321 0.671268 0.671268 27.000000
218.000000 24.000000 2.319689 2.093073 19.423298 0.479197 0.674361 0.674361 24.000000
219.000000 18.000000 2.325744 2.099782 19.402485 0.414139 0.677455 0.677455 18.000000
220.000000 20.000000 2.331796 2.106484 19.381766 0.435640 0.680548 0.680548 20.000000
221.000000 13.000000 2.337849 2.113182 19.361131 0.350501 0.683641 0.683641 13.000000
222.000000 6.000000 2.343904 2.119879 19.340574 0.237630 0.686735 0.686735 6.000000
223.000000 6.000000 2.349957 2.126569 19.320107 0.237143 0.689828 0.689828 6.000000
224.000000 6.000000 2.356012 2.133258 19.299716 0.236659 0.692922 0.692922 6.000000
225.000000 9.000000 2.362065 2.139941 19.279413 0.289256 0.696015 0.696015 9.000000
226.000000 9.000000 2.368117 2.146621 19.259191 0.288668 0.699108 0.699108 9.000000
227.000000 10.000000 2.374172 2.153298 19.239042 0.303666 0.702202 0.702202 10.000000
228.000000 6.000000 2.380225 2.159970 19.218979 0.234743 0.705295 0.705295 6.000000
229.000000 6.000000 2.386280 2.166641 19.198988 0.234269 0.708389 0.708389 6.000000
230.000000 3.000000 2.392333 2.173305 19.179081 0.165320 0.711482 0.711482 3.000000
231.000000 6.000000 2.398386 2.179966 19.159250 0.233328 0.714575 0.714575 6.000000
232.000000 2.000000 2.404440 2.186626 19.139489 0.134442 0.717669 0.717669 2.000000
233.000000 0.000000 2.410493 2.193280 19.119810 0.000000 0.720762 0.720762 0.000000
234.000000 4.000000 2.416548 2.199933 19.100198 0.189372 0.723856 0.723856 4.000000
235.000000 6.000000 2.422601 2.206580 19.080666 0.231471 0.726949 0.726949 6.000000
236.000000 3.000000 2.428654 2.213224 19.061208 0.163350 0.730042 0.730042 3.000000
237.000000 2.000000 2.434708 2.219866 19.041816 0.133111 0.733136 0.733136 2.000000
238.000000 0.000000 2.440761 2.226503 19.022504 0.000000 0.736229 0.736229 0.000000
239.000000 0.000000 2.446816 2.233139 19.003258 0.000000 0.739323 0.739323 0.000000
240.000000 2.000000 2.452869 2.239769 18.984091 0.132326 0.742416 0.742416 2.000000
241.000000 2.000000 2.458922 2.246396 18.964996 0.132067 0.745509 0.745509 2.000000
242.000000 1.000000 2.464977 2.253022 18.945967 0.093203 0.748603 0.748603 1.000000
243.000000 0.000000 2.471029 2.259643 18.927016 0.000000 0.751696 0.751696 0.000000
244.000000 0.000000 2.477084 2.266263 18.908131 0.000000 0.754790 0.754790 0.000000
245.000000 1.000000 2.483137 2.272877 18.889324 0.092660 0.757883 0.757883 1.000000
246.000000 0.000000 2.489190 2.279488 18.870588 0.000000 0.760976 0.760976 0.000000
247.000000 1.000000 2.495245 2.286098 18.851917 0.092302 0.764070 0.764070 1.000000
248.000000 0.000000 2.501297 2.292703 18.833323 0.000000 0.767163 0.767163 0.000000
249.000000 0.000000 2.507352 2.299308 18.814794 0.000000 0.770257 0.770257 0.000000
250.000000 2.000000 2.513405 2.305907 18.796342 0.129782 0.773350 0.773350 2.000000
251.000000 1.000000 2.519458 2.312503 18.777960 0.091594 0.776443 0.776443 1.000000
252.000000 0.000000 2.525513 2.319098 18.759643 0.000000 0.779537 0.779537 0.000000
253.000000 0.000000 2.531566 2.325688 18.741402 0.000000 0.782630 0.782630 0.000000
254.000000 0.000000 2.537620 2.332277 18.723225 0.000000 0.785724 0.785724 0.000000
255.000000 0.000000 2.543673 2.338862 18.705124 0.000000 0.788817 0.788817 0.000000
256.000000 0.000000 2.549726 2.345443 18.687093 0.000000 0.791910 0.791910 0.000000
257.000000 0.000000 2.555781 2.352024 18.669125 0.000000 0.795004 0.795004 0.000000
258.000000 2.000000 2.561834 2.358600 18.651232 0.127823 0.798097 0.798097 2.000000
259.000000 0.000000 2.567888 2.365175 18.633404 0.000000 0.801191 0.801191 0.000000
260.000000 1.000000 2.573941 2.371745 18.615649 0.090046 0.804284 0.804284 1.000000
261.000000 0.000000 2.579994 2.378312 18.597964 0.000000 0.807377 0.807377 0.000000
262.000000 0.000000 2.586049 2.384879 18.580342 0.000000 0.810471 0.810471 0.000000
263.000000 0.000000 2.592102 2.391441 18.562795 0.000000 0.813564 0.813564 0.000000
264.000000 1.000000 2.598157 2.398003 18.545310 0.089375 0.816658 0.816658 1.000000
265.000000 0.000000 2.604209 2.404560 18.527899 0.000000 0.819751 0.819751 0.000000
266.000000 0.000000 2.610262 2.411114 18.510555 0.000000 0.822844 0.822844 0.000000
267.000000 3.000000 2.616317 2.417667 18.493272 0.153944 0.825938 0.825938 3.000000
268.000000 0.000000 2.622370 2.424216 18.476057 0.000000 0.829031 0.829031 0.000000
269.000000 1.000000 2.628425 2.430765 18.458900 0.088553 0.832125 0.832125 1.000000
270.000000 1.000000 2.634477 2.437308 18.441809 0.088390 0.835218 0.835218 1.000000
271.000000 0.000000 2.640530 2.443850 18.424777 0.000000 0.838311 0.838311 0.000000
272.000000 0.000000 2.646585 2.450390 18.407797 0.000000 0.841405 0.841405 0.000000
273.000000 3.000000 2.652638 2.456927 18.390879 0.152258 0.844498 0.844498 3.000000
274.000000 1.000000 2.658693 2.463462 18.374010 0.087747 0.847592 0.847592 1.000000
275.000000 1.000000 2.664746 2.469994 18.357199 0.087587 0.850685 0.850685 1.000000
276.000000 1.000000 2.670798 2.476523 18.340439 0.087429 0.853778 0.853778 1.000000
277.000000 0.000000 2.676853 2.483051 18.323723 0.000000 0.856872 0.856872 0.000000
278.000000 1.000000 2.682906 2.489575 18.307061 0.087113 0.859965 0.859965 1.000000
279.000000 1.000000 2.688961 2.496099 18.290440 0.086957 0.863059 0.863059 1.000000
280.000000 0.000000 2.695014 2.502618 18.273869 0.000000 0.866152 0.866152 0.000000
281.000000 0.000000 2.701067 2.509135 18.257342 0.000000 0.869245 0.869245 0.000000
282.000000 0.000000 2.707121 2.515652 18.240851 0.000000 0.872339 0.872339 0.000000
283.000000 1.000000 2.713174 2.522165 18.224406 0.086337 0.875432 0.875432 1.000000
284.000000 2.000000 2.719229 2.528677 18.207995 0.121882 0.878526 0.878526 2.000000
285.000000 0.000000 2.725282 2.535185 18.191626 0.000000 0.881619 0.881619 0.000000
286.000000 0.000000 2.731335 2.541690 18.175292 0.000000 0.884712 0.884712 0.000000
287.000000 0.000000 2.737389 2.548196 18.158988 0.000000 0.887806 0.887806 0.000000
288.000000 0.000000 2.743442 2.554697 18.142722 0.000000 0.890899 0.890899 0.000000
289.000000 3.000000 2.749497 2.561198 18.126481 0.147962 0.893993 0.893993 3.000000
290.000000 0.000000 2.755550 2.567695 18.110275 0.000000 0.897086 0.897086 0.000000
291.000000 0.000000 2.761603 2.574189 18.094098 0.000000 0.900179 0.900179 0.000000
292.000000 0.000000 2.767658 2.580684 18.077941 0.000000 0.903273 0.903273 0.000000
293.000000 0.000000 2.773710 2.587174 18.061815 0.000000 0.906366 0.906366 0.000000
294.000000 0.000000 2.779765 2.593664 18.045708 0.000000 0.909460 0.909460 0.000000
295.000000 0.000000 2.785818 2.600150 18.029627 0.000000 0.912553 0.912553 0.000000
296.000000 0.000000 2.791871 2.606634 18.013568 0.000000 0.915646 0.915646 0.000000
297.000000 0.000000 2.797926 2.613118 17.997526 0.000000 0.918740 0.918740 0.000000
298.000000 0.000000 2.803978 2.619598 17.981513 0.000000 0.921833 0.921833 0.000000
299.000000 0.000000 2.810033 2.626078 17.965520 0.000000 0.924927 0.924927 0.000000
300.000000 0.000000 2.816086 2.632554 17.949560 0.000000 0.928020 0.928020 0.000000
301.000000 0.000000 2.822139 2.639028 17.933628 0.000000 0.931113 0.931113 0.000000
302.000000 2.000000 2.828194 2.645502 17.917722 0.118131 0.934207 0.934207 2.000000
303.000000 0.000000 2.834247 2.651972 17.901853 0.000000 0.937300 0.937300 0.000000
304.000000 0.000000 2.840301 2.658442 17.886012 0.000000 0.940394 0.940394 0.000000
305.000000 2.000000 2.846354 2.664908 17.870212 0.117533 0.943487 0.943487 2.000000
306.000000 0.000000 2.852407 2.671372 17.854449 0.000000 0.946580 0.946580 0.000000
307.000000 0.000000 2.858462 2.677836 17.838719 0.000000 0.949674 0.949674 0.000000
308.000000 0.000000 2.864515 2.684296 17.823035 0.000000 0.952767 0.952767 0.000000
309.000000 0.000000 2.870569 2.690756 17.807387 0.000000 0.955861 0.955861 0.000000
310.000000 1.000000 2.876622 2.697213 17.791787 0.082415 0.958954 0.958954 1.000000
311.000000 0.000000 2.882675 2.703667 17.776232 0.000000 0.962047 0.962047 0.000000
312.000000 0.000000 2.888730 2.710122 17.760719 0.000000 0.965141 0.965141 0.000000
313.000000 0.000000 2.894783 2.716573 17.745259 0.000000 0.968234 0.968234 0.000000
314.000000 0.000000 2.900838 2.723024 17.729844 0.000000 0.971328 0.971328 0.000000
315.000000 0.000000 2.906890 2.729471 17.714485 0.000000 0.974421 0.974421 0.000000
316.000000 0.000000 2.912943 2.735916 17.699179 0.000000 0.977514 0.977514 0.000000
317.000000 1.000000 2.918998 2.742362 17.683922 0.081466 0.980608 0.980608 1.000000
318.000000 0.000000 2.925051 2.748804 17.668727 0.000000 0.983701 0.983701 0.000000
319.000000 2.000000 2.931106 2.755246 17.653584 0.114833 0.986795 0.986795 2.000000
320.000000 0.000000 2.937159 2.761684 17.638505 0.000000 0.989888 0.989888 0.000000
321.000000 0.000000 2.943211 2.768121 17.623487 0.000000 0.992981 0.992981 0.000000
322.000000 0.000000 2.949266 2.774558 17.608527 0.000000 0.996075 0.996075 0.000000
323.000000 0.000000 2.955319 2.780991 17.593636 0.000000 0.999168 0.999168 0.000000
324.000000 0.000000 2.961374 2.787424 17.578805 0.000000 1.002262 1.002262 0.000000
325.000000 1.000000 2.967427 2.793854 17.564047 0.080410 1.005355 1.005355 1.000000
326.000000 1.000000 2.973479 2.800282 17.549357 0.080279 1.008448 1.008448 1.000000
327.000000 0.000000 2.979534 2.806711 17.534732 0.000000 1.011542 1.011542 0.000000
328.000000 0.000000 2.985587 2.813135 17.520180 0.000000 1.014635 1.014635 0.000000
329.000000 1.000000 2.991642 2.819560 17.505692 0.079892 1.017729 1.017729 1.000000
330.000000 1.000000 2.997695 2.825982 17.491274 0.079763 1.020822 1.020822 1.000000
331.000000 0.000000 3.003748 2.832402 17.476922 0.000000 1.023915 1.023915 0.000000
332.000000 1.000000 3.009802 2.838822 17.462629 0.079507 1.027009 1.027009 1.000000
333.000000 0.000000 3.015855 2.845239 17.448403 0.000000 1.030102 1.030102 0.000000
334.000000 0.000000 3.021910 2.851656 17.434234 0.000000 1.033196 1.033196 0.000000
335.000000 0.000000 3.027963 2.858069 17.420129 0.000000 1.036289 1.036289 0.000000
336.000000 1.000000 3.034016 2.864481 17.406083 0.079001 1.039382 1.039382 1.000000
337.000000 1.000000 3.040070 2.870893 17.392090 0.078875 1.042476 1.042476 1.000000
338.000000 0.000000 3.046123 2.877302 17.378158 0.000000 1.045569 1.045569 0.000000
339.000000 0.000000 3.052178 2.883711 17.364276 0.000000 1.048663 1.048663 0.000000
340.000000 1.000000 3.058231 2.890117 17.350453 0.078501 1.051756 1.051756 1.000000
341.000000 0.000000 3.064284 2.896521 17.336682 0.000000 1.054849 1.054849 0.000000
342.000000 0.000000 3.070339 2.902926 17.322958 0.000000 1.057943 1.057943 0.000000
343.000000 0.000000 3.076391 2.909327 17.309288 0.000000 1.061036 1.061036 0.000000
344.000000 1.000000 3.082446 2.915729 17.295663 0.078007 1.064130 1.064130 1.000000
345.000000 0.000000 3.088499 2.922127 17.282090 0.000000 1.067223 1.067223 0.000000
346.000000 0.000000 3.094552 2.928524 17.268563 0.000000 1.070316 1.070316 0.000000
347.000000 0.000000 3.100607 2.934921 17.255076 0.000000 1.073410 1.073410 0.000000
348.000000 0.000000 3.106659 2.941315 17.241639 0.000000 1.076503 1.076503 0.000000
349.000000 1.000000 3.112714 2.947709 17.228239 0.077400 1.079597 1.079597 1.000000
350.000000 0.000000 3.118767 2.954100 17.214885 0.000000 1.082690 1.082690 0.000000
351.000000 1.000000 3.124820 2.960490 17.201571 0.077160 1.085783 1.085783 1.000000
352.000000 1.000000 3.130875 2.966880 17.188292 0.077040 1.088877 1.088877 1.000000
353.000000 1.000000 3.136928 2.973267 17.175055 0.076921 1.091970 1.091970 1.000000
354.000000 0.000000 3.142982 2.979654 17.161851 0.000000 1.095064 1.095064 0.000000
355.000000 0.000000 3.149035 2.986038 17.148686 0.000000 1.098157 1.098157 0.000000
356.000000 0.000000 3.155088 2.992421 17.135554 0.000000 1.101250 1.101250 0.000000
357.000000 0.000000 3.161143 2.998804 17.122452 0.000000 1.104344 1.104344 0.000000
358.000000 0.000000 3.167196 3.005184 17.109386 0.000000 1.107437 1.107437 0.000000
359.000000 0.000000 3.173250 3.011564 17.096347 0.000000 1.110531 1.110531 0.000000
360.000000 1.000000 3.179303 3.017941 17.083343 0.076099 1.113624 1.113624 1.000000
361.000000 0.000000 3.185356 3.024317 17.070371 0.000000 1.116717 1.116717 0.000000
362.000000 1.000000 3.191411 3.030694 17.057425 0.075868 1.119811 1.119811 1.000000
363.000000 4.000000 3.197464 3.037067 17.044515 0.151507 1.122904 1.122904 4.000000
364.000000 0.000000 3.203519 3.043441 17.031632 0.000000 1.125998 1.125998 0.000000
365.000000 0.000000 3.209571 3.049811 17.018783 0.000000 1.129091 1.129091 0.000000
366.000000 0.000000 3.215624 3.056181 17.005966 0.000000 1.132184 1.132184 0.000000
367.000000 0.000000 3.221679 3.062551 16.993175 0.000000 1.135278 1.135278 0.000000
368.000000 0.000000 3.227732 3.068917 16.980420 0.000000 1.138371 1.138371 0.000000
369.000000 0.000000 3.233787 3.075285 16.967690 0.000000 1.141465 1.141465 0.000000
370.000000 0.000000 3.239840 3.081649 16.954996 0.000000 1.144558 1.144558 0.000000
371.000000 0.000000 3.245892 3.088012 16.942332 0.000000 1.147651 1.147651 0.000000
372.000000 0.000000 3.251947 3.094376 16.929694 0.000000 1.150745 1.150745 0.000000
373.000000 0.000000 3.258000 3.100736 16.917090 0.000000 1.153838 1.153838 0.000000
374.000000 0.000000 3.264055 3.107097 16.904513 0.000000 1.156932 1.156932 0.000000
375.000000 0.000000 3.270108 3.113455 16.891970 0.000000 1.160025 1.160025 0.000000
376.000000 0.000000 3.276160 3.119812 16.879458 0.000000 1.163118 1.163118 0.000000
377.000000 1.000000 3.282215 3.126170 16.866971 0.074185 1.166212 1.166212 1.000000
378.000000 1.000000 3.288268 3.132524 16.854518 0.074076 1.169305 1.169305 1.000000
379.000000 0.000000 3.294323 3.138879 16.842091 0.000000 1.172399 1.172399 0.000000
380.000000 1.000000 3.300376 3.145231 16.829698 0.073858 1.175492 1.175492 1.000000
381.000000 0.000000 3.306429 3.151582 16.817335 0.000000 1.178585 1.178585 0.000000
382.000000 1.000000 3.312483 3.157934 16.804998 0.073642 1.181679 1.181679 1.000000
383.000000 0.000000 3.318536 3.164282 16.792694 0.000000 1.184772 1.184772 0.000000
384.000000 0.000000 3.324591 3.170632 16.780416 0.000000 1.187866 1.187866 0.000000
385.000000 0.000000 3.330644 3.176978 16.768171 0.000000 1.190959 1.190959 0.000000
386.000000 0.000000 3.336697 3.183323 16.755956 0.000000 1.194052 1.194052 0.000000
387.000000 1.000000 3.342751 3.189669 16.743766 0.073109 1.197146 1.197146 1.000000
388.000000 0.000000 3.348804 3.196012 16.731610 0.000000 1.200239 1.200239 0.000000
389.000000 1.000000 3.354859 3.202355 16.719478 0.072898 1.203333 1.203333 1.000000
390.000000 0.000000 3.360912 3.208696 16.707380 0.000000 1.206426 1.206426 0.000000
391.000000 0.000000 3.366965 3.215035 16.695311 0.000000 1.209519 1.209519 0.000000
392.000000 1.000000 3.373020 3.221376 16.683267 0.072584 1.212613 1.212613 1.000000
393.000000 1.000000 3.379072 3.227713 16.671256 0.072480 1.215706 1.215706 1.000000
394.000000 0.000000 3.385127 3.234051 16.659270 0.000000 1.218800 1.218800 0.000000
395.000000 0.000000 3.391180 3.240386 16.647317 0.000000 1.221893 1.221893 0.000000
396.000000 0.000000 3.397233 3.246720 16.635392 0.000000 1.224986 1.224986 0.000000
397.000000 1.000000 3.403288 3.253055 16.623492 0.072068 1.228080 1.228080 1.000000
398.000000 1.000000 3.409341 3.259387 16.611625 0.071965 1.231173 1.231173 1.000000
399.000000 0.000000 3.415395 3.265720 16.599782 0.000000 1.234267 1.234267 0.000000
400.000000 0.000000 3.421448 3.272049 16.587972 0.000000 1.237360 1.237360 0.000000
401.000000 0.000000 3.427501 3.278378 16.576191 0.000000 1.240453 1.240453 0.000000
402.000000 1.000000 3.433556 3.284708 16.564433 0.071560 1.243547 1.243547 1.000000
403.000000 0.000000 3.439609 3.291034 16.552708 0.000000 1.246640 1.246640 0.000000
404.000000 0.000000 3.445663 3.297362 16.541008 0.000000 1.249734 1.249734 0.000000
405.000000 0.000000 3.451716 3.303687 16.529339 0.000000 1.252827 1.252827 0.000000
406.000000 0.000000 3.457769 3.310010 16.517699 0.000000 1.255920 1.255920 0.000000
407.000000 0.000000 3.463824 3.316335 16.506082 0.000000 1.259014 1.259014 0.000000
408.000000 1.000000 3.469877 3.322656 16.494498 0.070960 1.262107 1.262107 1.000000
409.000000 0.000000 3.475932 3.328979 16.482938 0.000000 1.265201 1.265201 0.000000
410.000000 0.000000 3.481984 3.335298 16.471409 0.000000 1.268294 1.268294 0.000000
411.000000 0.000000 3.488037 3.341617 16.459908 0.000000 1.271387 1.271387 0.000000
412.000000 0.000000 3.494092 3.347936 16.448431 0.000000 1.274481 1.274481 0.000000
413.000000 0.000000 3.500145 3.354253 16.436986 0.000000 1.277574 1.277574 0.000000
414.000000 0.000000 3.506200 3.360571 16.425564 0.000000 1.280668 1.280668 0.000000
415.000000 0.000000 3.512252 3.366885 16.414174 0.000000 1.283761 1.283761 0.000000
416.000000 0.000000 3.518305 3.373199 16.402812 0.000000 1.286854 1.286854 0.000000
417.000000 0.000000 3.524360 3.379514 16.391473 0.000000 1.289948 1.289948 0.000000
418.000000 0.000000 3.530413 3.385826 16.380165 0.000000 1.293041 1.293041 0.000000
419.000000 0.000000 3.536468 3.392139 16.368880 0.000000 1.296135 1.296135 0.000000
420.000000 0.000000 3.542521 3.398448 16.357627 0.000000 1.299228 1.299228 0.000000
421.000000 0.000000 3.548573 3.404757 16.346401 0.000000 1.302321 1.302321 0.000000
422.000000 0.000000 3.554628 3.411068 16.335198 0.000000 1.305415 1.305415 0.000000
423.000000 0.000000 3.560681 3.417375 16.324026 0.000000 1.308508 1.308508 0.000000
424.000000 0.000000 3.566736 3.423683 16.312878 0.000000 1.311602 1.311602 0.000000
425.000000 0.000000 3.572789 3.429988 16.301760 0.000000 1.314695 1.314695 0.000000
426.000000 0.000000 3.578841 3.436293 16.290669 0.000000 1.317788 1.317788 0.000000
427.000000 0.000000 3.584896 3.442598 16.279601 0.000000 1.320882 1.320882 0.000000
428.000000 0.000000 3.590949 3.448901 16.268563 0.000000 1.323975 1.323975 0.000000
429.000000 0.000000 3.597004 3.455204 16.257549 0.000000 1.327069 1.327069 0.000000
430.000000 1.000000 3.603057 3.461505 16.246565 0.068857 1.330162 1.330162 1.000000
431.000000 0.000000 3.609110 3.467805 16.235607 0.000000 1.333255 1.333255 0.000000
432.000000 0.000000 3.615164 3.474106 16.224673 0.000000 1.336349 1.336349 0.000000
433.000000 0.000000 3.621217 3.480404 16.213768 0.000000 1.339442 1.339442 0.000000
434.000000 0.000000 3.627272 3.486704 16.202887 0.000000 1.342536 1.342536 0.000000
435.000000 0.000000 3.633325 3.493000 16.192035 0.000000 1.345629 1.345629 0.000000
436.000000 0.000000 3.639378 3.499296 16.181210 0.000000 1.348722 1.348722 0.000000
437.000000 0.000000 3.645432 3.505592 16.170407 0.000000 1.351816 1.351816 0.000000
438.000000 1.000000 3.651485 3.511886 16.159634 0.068126 1.354909 1.354909 1.000000
439.000000 0.000000 3.657540 3.518181 16.148883 0.000000 1.358003 1.358003 0.000000
440.000000 0.000000 3.663593 3.524473 16.138162 0.000000 1.361096 1.361096 0.000000
441.000000 0.000000 3.669646 3.530765 16.127467 0.000000 1.364189 1.364189 0.000000
442.000000 0.000000 3.675701 3.537057 16.116794 0.000000 1.367283 1.367283 0.000000
443.000000 0.000000 3.681753 3.543347 16.106149 0.000000 1.370376 1.370376 0.000000
444.000000 0.000000 3.687808 3.549638 16.095527 0.000000 1.373470 1.373470 0.000000
445.000000 0.000000 3.693861 3.555926 16.084933 0.000000 1.376563 1.376563 0.000000
446.000000 0.000000 3.699914 3.562213 16.074364 0.000000 1.379656 1.379656 0.000000
447.000000 0.000000 3.705969 3.568502 16.063817 0.000000 1.382750 1.382750 0.000000
448.000000 0.000000 3.712022 3.574787 16.053298 0.000000 1.385843 1.385843 0.000000
449.000000 0.000000 3.718076 3.581074 16.042800 0.000000 1.388937 1.388937 0.000000
450.000000 0.000000 3.724129 3.587358 16.032330 0.000000 1.392030 1.392030 0.000000
451.000000 0.000000 3.730182 3.593641 16.021885 0.000000 1.395123 1.395123 0.000000
452.000000 0.000000 3.736237 3.599926 16.011461 0.000000 1.398217 1.398217 0.000000
453.000000 0.000000 3.742290 3.606207 16.001064 0.000000 1.401310 1.401310 0.000000
454.000000 0.000000 3.748344 3.612490 15.990687 0.000000 1.404404 1.404404 0.000000
455.000000 0.000000 3.754397 3.618770 15.980339 0.000000 1.407497 1.407497 0.000000
456.000000 0.000000 3.760450 3.625050 15.970013 0.000000 1.410590 1.410590 0.000000
457.000000 0.000000 3.766505 3.631330 15.959708 0.000000 1.413684 1.413684 0.000000
458.000000 0.000000 3.772558 3.637608 15.949430 0.000000 1.416777 1.416777 0.000000
459.000000 1.000000 3.778613 3.643887 15.939172 0.066288 1.419871 1.419871 1.000000
460.000000 0.000000 3.784665 3.650163 15.928941 0.000000 1.422964 1.422964 0.000000
461.000000 0.000000 3.790718 3.656439 15.918733 0.000000 1.426057 1.426057 0.000000
462.000000 0.000000 3.796773 3.662716 15.908544 0.000000 1.429151 1.429151 0.000000
463.000000 0.000000 3.802826 3.668990 15.898382 0.000000 1.432244 1.432244 0.000000
464.000000 0.000000 3.808881 3.675265 15.888239 0.000000 1.435338 1.435338 0.000000
465.000000 0.000000 3.814933 3.681537 15.878122 0.000000 1.438431 1.438431 0.000000
466.000000 0.000000 3.820986 3.687809 15.868027 0.000000 1.441524 1.441524 0.000000
467.000000 0.000000 3.827041 3.694082 15.857952 0.000000 1.444618 1.444618 0.000000
468.000000 0.000000 3.833094 3.700353 15.847902 0.000000 1.447711 1.447711 0.000000
469.000000 0.000000 3.839149 3.706624 15.837871 0.000000 1.450805 1.450805 0.000000
470.000000 0.000000 3.845202 3.712893 15.827865 0.000000 1.453898 1.453898 0.000000
471.000000 0.000000 3.851254 3.719161 15.817881 0.000000 1.456991 1.456991 0.000000
472.000000 0.000000 3.857309 3.725431 15.807916 0.000000 1.460085 1.460085 0.000000
473.000000 0.000000 3.863362 3.731697 15.797975 0.000000 1.463178 1.463178 0.000000
474.000000 0.000000 3.869417 3.737966 15.788053 0.000000 1.466272 1.466272 0.000000
475.000000 0.000000 3.875470 3.744231 15.778155 0.000000 1.469365 1.469365 0.000000
476.000000 0.000000 3.881523 3.750496 15.768279 0.000000 1.472458 1.472458 0.000000
477.000000 0.000000 3.887577 3.756762 15.758420 0.000000 1.475552 1.475552 0.000000
478.000000 0.000000 3.893630 3.763025 15.748585 0.000000 1.478645 1.478645 0.000000
479.000000 0.000000 3.899685 3.769289 15.738769 0.000000 1.481739 1.481739 0.000000
480.000000 0.000000 3.905738 3.775551 15.728976 0.000000 1.484832 1.484832 0.000000
481.000000 0.000000 3.911791 3.781812 15.719204 0.000000 1.487925 1.487925 0.000000
482.000000 0.000000 3.917845 3.788075 15.709449 0.000000 1.491019 1.491019 0.000000
483.000000 0.000000 3.923898 3.794335 15.699717 0.000000 1.494112 1.494112 0.000000
484.000000 0.000000 3.929953 3.800596 15.690003 0.000000 1.497206 1.497206 0.000000
485.000000 0.000000 3.936006 3.806855 15.680312 0.000000 1.500299 1.500299 0.000000
486.000000 0.000000 3.942059 3.813112 15.670641 0.000000 1.503392 1.503392 0.000000
487.000000 0.000000 3.948114 3.819372 15.660986 0.000000 1.506486 1.506486 0.000000
488.000000 0.000000 3.954166 3.825628 15.651355 0.000000 1.509579 1.509579 0.000000
489.000000 0.000000 3.960221 3.831886 15.641740 0.000000 1.512673 1.512673 0.000000
490.000000 0.000000 3.966274 3.838141 15.632147 0.000000 1.515766 1.515766 0.000000
491.000000 0.000000 3.972327 3.844396 15.622574 0.000000 1.518859 1.518859 0.000000
492.000000 0.000000 3.978382 3.850652 15.613017 0.000000 1.521953 1.521953 0.000000
493.000000 0.000000 3.984434 3.856905 15.603483 0.000000 1.525046 1.525046 0.000000
494.000000 0.000000 3.990489 3.863160 15.593964 0.000000 1.528140 1.528140 0.000000
495.000000 0.000000 3.996542 3.869412 15.584467 0.000000 1.531233 1.531233 0.000000
496.000000 0.000000 4.002595 3.875663 15.574989 0.000000 1.534326 1.534326 0.000000
497.000000 0.000000 4.008650 3.881916 15.565526 0.000000 1.537420 1.537420 0.000000
498.000000 0.000000 4.014703 3.888166 15.556086 0.000000 1.540513 1.540513 0.000000
499.000000 0.000000 4.020757 3.894418 15.546660 0.000000 1.543607 1.543607 0.000000
500.000000 0.000000 4.026810 3.900667 15.537256 0.000000 1.546700 1.546700 0.000000
501.000000 0.000000 4.032863 3.906915 15.527869 0.000000 1.549793 1.549793 0.000000
502.000000 0.000000 4.038918 3.913165 15.518498 0.000000 1.552887 1.552887 0.000000
503.000000 0.000000 4.044971 3.919412 15.509148 0.000000 1.555980 1.555980 0.000000
504.000000 0.000000 4.051025 3.925660 15.499813 0.000000 1.559074 1.559074 0.000000
505.000000 0.000000 4.057078 3.931906 15.490498 0.000000 1.562167 1.562167 0.000000
506.000000 0.000000 4.063131 3.938151 15.481201 0.000000 1.565260 1.565260 0.000000
507.000000 0.000000 4.069186 3.944398 15.471918 0.000000 1.568354 1.568354 0.000000
508.000000 0.000000 4.075239 3.950642 15.462655 0.000000 1.571447 1.571447 0.000000
509.000000 0.000000 4.081294 3.956887 15.453407 0.000000 1.574541 1.574541 0.000000
510.000000 0.000000 4.087346 3.963130 15.444178 0.000000 1.577634 1.577634 0.000000
511.000000 0.000000 4.093399 3.969372 15.434967 0.000000 1.580727 1.580727 0.000000
