ChannelNumber	N(E)	W	P	G(Z,W)	Value	Energy(MeV)
0.0	0.0	1.0	0.0	28.26	0.0	0.0
1.0	0.0	1.00587084148728	0.10851796973003366	28.17791893151919	0.0	0.003
2.0	95.0	1.0117416829745598	0.15369200717081755	28.09827940516609	1.817407417824793	0.006
3.0	2251.0	1.0176125244618395	0.1885079572368173	28.01934561342382	8.807979798671795	0.009
4.0	1973.0	1.0234833659491194	0.21798669770088933	27.9408479044068	8.210374428350251	0.012
5.0	997.0	1.0293542074363993	0.2440698350206713	27.862797044397627	5.8112609748795	0.015
6.0	548.0	1.035225048923679	0.26775156753795765	27.78526550989815	4.2899105012396	0.018
7.0	354.0	1.0410958904109588	0.28962156865569827	27.708278676454388	3.4332555074086533	0.021
8.0	342.0	1.0469667318982387	0.31006344141429926	27.63184247375304	3.3602783122663826	0.024
9.0	357.0	1.0528375733855186	0.3293432190471018	27.55598076580476	3.418729945261681	0.027
10.0	368.0	1.0587084148727985	0.3476542934043441	27.480730388990466	3.456474909610394	0.03
11.0	425.0	1.0645792563600782	0.36514242847439277	27.40611526131509	3.699071496271949	0.033
12.0	334.0	1.0704500978473581	0.38192068807727425	27.332150438282227	3.2656520236785713	0.036
13.0	275.0	1.076320939334638	0.3980788420026837	27.25884535392955	2.951011008898837	0.039
14.0	399.0	1.0821917808219177	0.41368955809702707	27.186212784662505	3.5400374854083476	0.042
15.0	378.0	1.0880626223091976	0.42881262815636334	27.11430024757435	3.4315695703720803	0.045
16.0	470.0	1.0939334637964775	0.4434979404842363	27.043159205953188	3.8109154084158203	0.048
17.0	579.0	1.0998043052837574	0.45778762534682854	26.972832061220466	4.212700577414035	0.051
18.0	524.0	1.1056751467710373	0.471717638198059	26.903354255752344	3.9914884842827414	0.054
19.0	613.0	1.111545988258317	0.48531895080777404	26.83475582946381	4.299856655165895	0.057
20.0	530.0	1.1174168297455969	0.49861846275353694	26.767062580654994	3.9821935953603846	0.06
21.0	603.0	1.1232876712328768	0.5116397095063864	26.700277797721565	4.230676068548266	0.063
22.0	589.0	1.1291585127201564	0.524403419943459	26.634302216741396	4.164684175363553	0.066
23.0	629.0	1.1350293542074363	0.5369279606358286	26.569013911385046	4.28677324206579	0.069
24.0	656.0	1.1409001956947162	0.5492296937859804	26.50430413288521	4.360598106616024	0.072
25.0	624.0	1.1467710371819961	0.5613232684643237	26.44007538010714	4.236275874623226	0.075
26.0	676.0	1.152641878669276	0.5732218597212061	26.37623979346218	4.3921029577111215	0.078
27.0	765.0	1.1585127201565557	0.5849373665312739	26.3127178292119	4.654221593274388	0.081
28.0	668.0	1.1643835616438356	0.5964805769062258	26.249437156859454	4.332436118783612	0.084
29.0	761.0	1.1702544031311155	0.6078613065887345	26.186339435612382	4.606537893290128	0.087
30.0	725.0	1.1761252446183952	0.6190885163114238	26.123451271539984	4.479196911662026	0.09
31.0	710.0	1.181996086105675	0.6301704115309879	26.06084463935432	4.415896565504938	0.093
32.0	849.0	1.187866927592955	0.6411145277320789	25.998586891137133	4.810732210262154	0.096
33.0	920.0	1.1937377690802349	0.6519278037702152	25.936740679363048	4.989158243132847	0.099
34.0	782.0	1.1996086105675148	0.6626166452389521	25.875364484519135	4.5826908874914585	0.102
35.0	828.0	1.2054794520547945	0.6731869794688006	25.81451307063043	4.6981122350652855	0.105
36.0	923.0	1.2113502935420744	0.683644303468163	25.75423788023839	4.942045622201058	0.108
37.0	921.0	1.2172211350293543	0.693993725880969	25.694587378269734	4.918577362150998	0.111
38.0	868.0	1.223091976516634	0.7042400038476699	25.63560649463012	4.757501644697576	0.114
39.0	911.0	1.2289628180039138	0.7143875755051462	25.57730765671619	4.8561604897925585	0.117
40.0	926.0	1.2348336594911937	0.724440588738934	25.519665727615838	4.878199344617619	0.12
41.0	1038.0	1.2407045009784736	0.7344029267018503	25.462654887506616	5.146103031772979	0.123
42.0	990.0	1.2465753424657535	0.7442782305318426	25.406250921645903	5.007590116410855	0.126
43.0	983.0	1.2524461839530332	0.7540699196351192	25.3504310857823	4.971930057630996	0.129
44.0	1021.0	1.258317025440313	0.7637812098454357	25.295173985664654	5.048983632077231	0.132
45.0	975.0	1.264187866927593	0.7734151297246115	25.24045946888848	4.916341720401256	0.135
46.0	995.0	1.2700587084148727	0.7829745352311623	25.18626852757378	4.948867531672621	0.138
47.0	1015.0	1.2759295499021526	0.7924621229519487	25.13258321058012	4.980669919270851	0.141
48.0	1142.0	1.2818003913894325	0.8018804420648394	25.07938653863374	5.2644644527419775	0.144
49.0	1081.0	1.2876712328767124	0.8112319051776948	25.02666128579684	5.103949815846271	0.147
50.0	1034.0	1.2935420743639923	0.8205187981697312	24.974388571353828	4.974303478972786	0.15
51.0	1105.0	1.299412915851272	0.8297432891449649	24.922550102618562	5.124337444670121	0.153
52.0	1145.0	1.3052837573385518	0.8389074365934822	24.871128464122247	5.198165041271058	0.156
53.0	1003.0	1.3111545988258317	0.8480131968443226	24.820107057617424	4.84835865118558	0.159
54.0	1082.0	1.3170254403131114	0.8570624308835063	24.76947004721324	5.018351865233928	0.162
55.0	1112.0	1.3228962818003913	0.8660569106018959	24.719202309117772	5.070016489962577	0.165
56.0	1173.0	1.3287671232876712	0.8749983245299349	24.669289385524856	5.189455738354448	0.168
57.0	1208.0	1.3346379647749511	0.8838882831097059	24.619717442237047	5.248418534188338	0.171
58.0	1176.0	1.340508806262231	0.8927283235489908	24.57047322966273	5.160921210696073	0.174
59.0	1093.0	1.3463796477495107	0.9015199142970146	24.521544062911325	4.958709155858017	0.177
60.0	1154.0	1.3522504892367906	0.9102644591771885	24.472922650339047	5.078118585256261	0.18
61.0	1191.0	1.3581213307240705	0.9189633012083345	24.42461367606432	5.141661230491191	0.183
62.0	1146.0	1.3639921722113502	0.9276177261425298	24.37662348001604	5.0268237257201775	0.186
63.0	1154.0	1.36986301369863	0.9362289657447548	24.328958307322225	5.027638085536348	0.189
64.0	1122.0	1.37573385518591	0.9447982008369228	24.281624314289367	4.941094225564092	0.192
65.0	1165.0	1.3816046966731899	0.953326564126594	24.2346275739267	5.018350453386737	0.195
66.0	1137.0	1.3874755381604698	0.9618151428386252	24.187974081056133	4.941458473234571	0.198
67.0	1115.0	1.3933463796477494	0.9702649811662226	24.14166975704414	4.877470909335463	0.201
68.0	1220.0	1.3992172211350293	0.9786770825562605	24.095720454188427	5.085396451034592	0.204
69.0	1139.0	1.4050880626223092	0.9870524118423065	24.050131959788843	4.897783526085074	0.207
70.0	1184.0	1.410958904109589	0.9953918972375313	24.004909999929218	4.977502027373542	0.21
71.0	1190.0	1.4168297455968688	1.0036964321985447	23.96006002599997	4.974069667516327	0.213
72.0	1240.0	1.4227005870841487	1.0119668771701875	23.915580940154882	5.061239215753716	0.216
73.0	1189.0	1.4285714285714286	1.020204061220407	23.871464308715048	4.940255806726855	0.219
74.0	1157.0	1.4344422700587085	1.0284087835735267	23.827701570424274	4.85783241962974	0.222
75.0	1193.0	1.4403131115459882	1.0365818150494857	23.78428444267708	4.917204411684963	0.225
76.0	1152.0	1.446183953033268	1.0447238994159795	23.741204908203414	4.816719134289213	0.228
77.0	1181.0	1.452054794520548	1.052835754659819	23.698455202551255	4.861630243870072	0.231
78.0	1185.0	1.4579256360078277	1.0609180741833126	23.656027802309385	4.854593740661065	0.234
79.0	1139.0	1.4637964774951076	1.0689715279309757	23.61391541401803	4.7445733234707	0.237
80.0	1268.0	1.4696673189823874	1.0769967634514408	23.572110963719084	4.99046887730571	0.24
81.0	1176.0	1.4755381604696673	1.0849944068990447	23.530607587101635	4.79111554315171	0.243
82.0	1101.0	1.4814090019569472	1.0929650639792101	23.489398620202078	4.621497592177564	0.246
83.0	1122.0	1.487279843444227	1.1009093208414051	23.448477590621483	4.651000763157677	0.249
84.0	1171.0	1.4931506849315068	1.1088277449231814	23.407838209225396	4.736899342357947	0.252
85.0	1072.0	1.4990215264187867	1.1167208857484976	23.367474362294676	4.518389187214625	0.255
86.0	1184.0	1.5048923679060664	1.124589275683317	23.327380104097504	4.734100012071577	0.258
87.0	1148.0	1.5107632093933465	1.132433430651217	23.287549649855734	4.647427750633757	0.261
88.0	1119.0	1.5166340508806262	1.140253850811554	23.247977369080388	4.574479164039158	0.264
89.0	1164.0	1.522504892367906	1.148051021202546	23.208657779252896	4.651497382813262	0.267
90.0	1118.0	1.528375733855186	1.1558254123514409	23.16958553983076	4.544976431266259	0.27
91.0	1142.0	1.5342465753424657	1.1635774808538037	23.13075544655744	4.579762755419004	0.273
92.0	1093.0	1.5401174168297456	1.171307669923803	23.09216242605807	4.467082229221746	0.276
93.0	1016.0	1.5459882583170255	1.1790164099172284	23.05380153070367	4.294072649633519	0.279
94.0	1063.0	1.5518590998043051	1.1867041188288798	23.01566793372785	4.37927838477597	0.282
95.0	1156.0	1.5577299412915853	1.194371202765826	22.97775692458117	4.553369917787523	0.285
96.0	1194.0	1.563600782778865	1.2020180563979392	22.9400639150534	4.614014685100991	0.288
97.0	1118.0	1.5694716242661448	1.2096450633870297	22.90258553349189	4.4516926934615	0.291
98.0	1081.0	1.5753424657534247	1.2172525967957843	22.865320558884225	4.364647950719832	0.294
99.0	1014.0	1.5812133072407044	1.2248410194776653	22.8282680474818	4.21494619577303	0.297
100.0	1061.0	1.5870841487279843	1.2324106844488287	22.791427102245358	4.29904487060968	0.3
101.0	1065.0	1.5929549902152642	1.239961935243059	22.75479687117417	4.29471963374662	0.303
102.0	1070.0	1.5988258317025439	1.2474951062506543	22.71837654571014	4.292418774045875	0.306
103.0	1038.0	1.604696673189824	1.2550105230421331	22.682165359212934	4.215639531483423	0.309
104.0	1047.0	1.6105675146771037	1.262508502677579	22.646162585502335	4.221794553548622	0.312
105.0	970.0	1.6164383561643836	1.2699893540023925	22.610367537464185	4.052032396690658	0.315
106.0	939.0	1.6223091976516635	1.2774533779301631	22.57477956571659	3.9754601694696974	0.318
107.0	1015.0	1.6281800391389432	1.2849008677133387	22.539398057333337	4.121539232692608	0.321
108.0	957.0	1.634050880626223	1.292332109202327	22.504222434621457	3.9907855187690173	0.324
109.0	938.0	1.639921722113503	1.2997473810936175	22.469252153950205	3.939889047546503	0.327
110.0	992.0	1.6457925636007826	1.3071469551674886	22.434486704628895	4.040384270465593	0.33
111.0	950.0	1.6516634050880628	1.314531096515824	22.399925607831136	3.9429109448859614	0.333
112.0	955.0	1.6575342465753424	1.321900063760528	22.36556841556303	3.942295783603409	0.336
113.0	969.0	1.6634050880626223	1.3292541092630183	22.331414709673385	3.960096277257127	0.339
114.0	910.0	1.6692759295499022	1.3365934793252172	22.29746410090373	3.827056099440391	0.342
115.0	907.0	1.675146771037182	1.3439184143824716	22.26371622797617	3.8102366494942888	0.345
116.0	905.0	1.6810176125244618	1.3512291491887827	22.23017075671746	3.795601648417063	0.348
117.0	875.0	1.6868884540117417	1.3585259129947151	22.196827379217417	3.721964345603173	0.351
118.0	834.0	1.6927592954990214	1.3658089297183347	22.163685813020013	3.6238217347335158	0.354
119.0	843.0	1.6986301369863015	1.3730784181095053	22.13074580034576	3.6334311686638245	0.357
120.0	897.0	1.7045009784735812	1.3803345919078445	22.09800710734387	3.7378546738242266	0.36
121.0	818.0	1.710371819960861	1.3875776599946499	22.065469523372748	3.5598322467394583	0.363
122.0	804.0	1.716242661448141	1.3948078265390533	22.033132860307646	3.519745031167743	0.366
123.0	839.0	1.7221135029354206	1.4020252911386817	22.000996940187783	3.5858987933369866	0.369
124.0	787.0	1.7279843444227005	1.4092302489550634	21.969060546745656	3.4637123639200924	0.372
125.0	789.0	1.7338551859099804	1.4164228908440208	21.937320608109435	3.4588672052239082	0.375
126.0	766.0	1.7397260273972601	1.4236034034812688	21.90577390736341	3.3990239407384766	0.378
127.0	762.0	1.7455968688845402	1.4307719694834362	21.874417277949625	3.381156595175501	0.381
128.0	742.0	1.75146771037182	1.4379287675247008	21.84324760221553	3.327677368618911	0.384
129.0	703.0	1.7573385518590998	1.4450739724492438	21.812261810013947	3.230515841705353	0.387
130.0	743.0	1.7632093933463797	1.4522077553796868	21.781456877353122	3.3124326267740627	0.39
131.0	651.0	1.7690802348336594	1.4593302838216973	21.750829825094698	3.0924668200926795	0.393
132.0	688.0	1.7749510763209393	1.4664417217649193	21.72037771769748	3.170838666424235	0.396
133.0	703.0	1.7808219178082192	1.4735422297803833	21.69009766200525	3.1968806032056802	0.399
134.0	666.0	1.7866927592954989	1.4806319651145463	21.659986806076557	3.103545689411271	0.402
135.0	625.0	1.792563600782779	1.4877110817801023	21.630042338054892	2.998725759870889	0.405
136.0	685.0	1.7984344422700587	1.494779730643688	21.600261485077528	3.131274708554378	0.408
137.0	720.0	1.8043052837573386	1.5018380595106284	21.57064151222141	3.2020248400111417	0.411
138.0	624.0	1.8101761252446185	1.508886213206821	21.541179721484628	2.973286234329411	0.414
139.0	633.0	1.8160469667318981	1.5159243336578934	21.511873450801964	2.987003020288368	0.417
140.0	617.0	1.821917808219178	1.522952559965731	21.482720073093287	2.9415021247417266	0.42
141.0	552.0	1.827788649706458	1.5299710284824861	21.45371699534327	2.775187234140122	0.423
142.0	623.0	1.8336594911937376	1.536979872882165	21.424861657711386	2.940805618324664	0.426
143.0	590.0	1.8395303326810177	1.5439792242298909	21.396151532670867	2.8546391645504987	0.429
144.0	555.0	1.8454011741682974	1.5509692110489268	21.36758412417558	2.7617094609570247	0.432
145.0	520.0	1.8512720156555773	1.5579499593855586	21.339156966853604	2.666507481545926	0.435
146.0	530.0	1.8571428571428572	1.5649215928719031	21.310867625226653	2.685295331425166	0.438
147.0	541.0	1.8630136986301369	1.571884232786735	21.28271369295425	2.7062572860813696	0.441
148.0	502.0	1.8688845401174168	1.5788379981144007	21.25469279210165	2.6004108595225452	0.444
149.0	526.0	1.8747553816046967	1.5857830056018924	21.22680257243078	2.6552533951657034	0.447
150.0	502.0	1.8806262230919764	1.5927193698141529	21.199040710713202	2.58756499081571	0.45
151.0	481.0	1.8864970645792565	1.5996472031876752	21.17140491006428	2.526629516250566	0.453
152.0	499.0	1.8923679060665362	1.60656661608246	21.14389306750153	2.5671557722498117	0.456
153.0	488.0	1.898238747553816	1.6134777168323957	21.116503886619107	2.532491920730367	0.459
154.0	448.0	1.904109589041096	1.620380611794109	21.089236316200164	2.420564391634781	0.462
155.0	458.0	1.9099804305283756	1.6272754053943541	21.062089320708104	2.4414795804297014	0.465
156.0	452.0	1.9158512720156555	1.6341622001759817	21.03506187988728	2.419555167502805	0.468
157.0	387.0	1.9217221135029354	1.6410410968425468	21.008152988400713	2.23342287096787	0.471
158.0	429.0	1.927592954990215	1.6479121943015986	20.981361655478597	2.345829701968258	0.474
159.0	395.0	1.9334637964774952	1.6547755897067038	20.954686904577095	2.245545789332025	0.477
160.0	455.0	1.939334637964775	1.661631378498241	20.92812777304707	2.40429500901252	0.48
161.0	399.0	1.9452054794520548	1.6684796544430196	20.901683311812434	2.246106434160728	0.483
162.0	370.0	1.9510763209393347	1.6753205096727521	20.875352585057787	2.1577925738959034	0.486
163.0	341.0	1.9569471624266144	1.6821540347214277	20.84913466992498	2.0665888046261087	0.489
164.0	386.0	1.9628180039138943	1.688980318561624	20.823028656218316	2.1935203661875646	0.492
165.0	352.0	1.9686888454011742	1.6957994486397878	20.79703364611813	2.089746246940085	0.495
166.0	356.0	1.9745596868884538	1.7026115109105273	20.771148753902388	2.096642934400924	0.498
167.0	328.0	1.980430528375734	1.7094165898699443	20.7453731056761	2.0077825920406793	0.501
168.0	339.0	1.9863013698630136	1.7162147685880356	20.71970583910832	2.036399183818907	0.504
169.0	331.0	1.9921722113502935	1.723006128740208	20.694146103176283	2.0075360997489224	0.507
170.0	324.0	1.9980430528375734	1.7297907506379175	20.66869305791674	1.9815779238352893	0.51
171.0	314.0	2.003913894324853	1.7365687132584757	20.64334587418396	1.9462369922832452	0.513
172.0	275.0	2.009784735812133	1.7433400942740473	20.61810373341443	1.8171569660722244	0.516
173.0	271.0	2.015655577299413	1.7501049700798605	20.592965827397833	1.799736279938418	0.519
174.0	250.0	2.021526418786693	1.7568634158216603	20.567931358054228	1.7246273767916067	0.522
175.0	229.0	2.0273972602739727	1.7636155054224292	20.542999537217213	1.6468231284084567	0.525
176.0	241.0	2.0332681017612524	1.7703613116083978	20.518169586422793	1.6855613578955801	0.528
177.0	271.0	2.039138943248532	1.7771009059343648	20.49344073670389	1.7833245426800834	0.531
178.0	214.0	2.045009784735812	1.7838343588083545	20.468812228390235	1.5811212493101348	0.534
179.0	223.0	2.0508806262230923	1.7905617395156257	20.44428331091354	1.6103716030271427	0.537
180.0	180.0	2.056751467710372	1.7972831162420597	20.419853242617688	1.443537692828226	0.54
181.0	214.0	2.0626223091976517	1.8039985560969425	20.395521308514045	1.5704342949422412	0.543
182.0	189.0	2.0684931506849313	1.8107081251351567	20.37128707495492	1.4725416263730282	0.546
183.0	178.0	2.0743639921722115	1.8174118883788106	20.34715032742921	1.4258480274928513	0.549
184.0	172.0	2.080234833659491	1.8241099098383111	20.323110862648768	1.3984816298374025	0.552
185.0	152.0	2.0861056751467713	1.8308022525329068	20.299168482807357	1.3117357812724264	0.555
186.0	155.0	2.091976516634051	1.8374889785107114	20.275322995469935	1.3216764548595628	0.558
187.0	136.0	2.0978473581213306	1.8441701488682236	20.25157421346487	1.2352821761659432	0.561
188.0	189.0	2.1037181996086103	1.8508458237693632	20.227921954778758	1.4530069891165542	0.564
189.0	141.0	2.1095890410958904	1.857516062464031	20.20436604245391	1.2522443520952853	0.567
190.0	130.0	2.1154598825831705	1.864180923306212	20.180906304488303	1.1997659970512318	0.57
191.0	144.0	2.12133072407045	1.8708404637716334	20.157542573738063	1.25995220559624	0.573
192.0	111.0	2.12720156555773	1.8774947404749918	20.134274687822234	1.1037859223534436	0.576
193.0	135.0	2.1330724070450096	1.884143809186759	20.111102489029978	1.2146281633961098	0.579
194.0	109.0	2.1389432485322897	1.8907877248495835	20.088025824229913	1.089043828216365	0.582
195.0	98.0	2.14481409001957	1.897426541594292	20.065044544781692	1.0303939966936577	0.585
196.0	106.0	2.1506849315068495	1.904060312755513	20.042158506449713	1.069310654468585	0.588
197.0	76.0	2.156555772994129	1.9106890908869256	20.01936756931882	0.9034849549184668	0.591
198.0	93.0	2.162426614481409	1.9173129277761436	19.99667159771207	0.9972894831356902	0.594
199.0	91.0	2.168297455968689	1.9239318744592515	19.974070460110404	0.9843930687823769	0.597
200.0	91.0	2.1741682974559686	1.9305459812349939	19.951564029074238	0.9822885103680111	0.6
201.0	76.0	2.1800391389432487	1.9371552976786401	19.929152181166845	0.8957732592679317	0.603
202.0	71.0	2.1859099804305284	1.9437598726555174	19.906834796879547	0.863964295840247	0.606
203.0	50.0	2.191780821917808	1.9503597543342361	19.88461176055862	0.7234846506928078	0.609
204.0	68.0	2.1976516634050878	1.9569549901996084	19.86248296033395	0.8419355185748739	0.612
205.0	55.0	2.203522504892368	1.9635456270652678	19.840448288049224	0.7555933273957338	0.615
206.0	56.0	2.209393346379648	1.9701317110860022	19.818507639193776	0.7608262663049201	0.618
207.0	45.0	2.2152641878669277	1.9767132877698066	19.796660912836007	0.6805887374457633	0.621
208.0	60.0	2.2211350293542074	1.9832904019896622	19.774908011558235	0.7842299566819131	0.624
209.0	43.0	2.227005870841487	1.989863097995048	19.7532488413931	0.6625117703627056	0.627
210.0	43.0	2.232876712328767	1.9964314194231978	19.731683311761298	0.6611308383548744	0.63
211.0	46.0	2.2387475538160473	2.0029954093101	19.71021132287278	0.6823829251708875	0.633
212.0	33.0	2.244618395303327	2.009555110101259	19.68883242138184	0.5767724010098149	0.636
213.0	30.0	2.2504892367906066	2.016110563662213	19.66754575911297	0.548793049668004	0.639
214.0	31.0	2.2563600782778863	2.022661811288825	19.646350472879792	0.5567131709665734	0.642
215.0	25.0	2.2622309197651664	2.02920889371734	19.62524570557613	0.49891380261409685	0.645
216.0	34.0	2.268101761252446	2.035751851134231	19.604230606068885	0.5806334095369663	0.648
217.0	27.0	2.2739726027397262	2.0422907231858263	19.583304329093316	0.5163612787639723	0.651
218.0	24.0	2.279843444227006	2.048825548987726	19.562466035150504	0.48583499622961157	0.654
219.0	18.0	2.2857142857142856	2.0553563671340225	19.541714890407114	0.4198875266939247	0.657
220.0	20.0	2.2915851272015653	2.061883215706315	19.52105006659724	0.44170001625275984	0.66
221.0	13.0	2.2974559686888454	2.0684061322825364	19.50047074092644	0.3553873227131485	0.663
222.0	6.0	2.3033268101761255	2.074925153945589	19.47997609597769	0.24094940193859454	0.666
223.0	6.0	2.309197651663405	2.0814403172917992	19.459565319619507	0.24046282809070169	0.669
224.0	6.0	2.315068493150685	2.0879516584391946	19.43923760491583	0.23997840727738576	0.672
225.0	9.0	2.3209393346379645	2.094459213035603	19.418992150037948	0.29332165229839974	0.675
226.0	9.0	2.3268101761252447	2.1009630162665864	19.398828158178173	0.2927335855788382	0.678
227.0	10.0	2.3326810176125248	2.1074631028632043	19.37874483746541	0.30795114455257366	0.681
228.0	6.0	2.3385518590998045	2.113959507109621	19.358741400882387	0.23806199065876757	0.684
229.0	6.0	2.344422700587084	2.1204522628505544	19.338817066184642	0.23758813838432816	0.687
230.0	3.0	2.350293542074364	2.1269414034985683	19.31897105582123	0.16766658707789417	0.69
231.0	6.0	2.356164383561644	2.1334269620412183	19.299202596856947	0.23664664720505615	0.693
232.0	2.0	2.3620352250489236	2.139908971048049	19.279510920896275	0.1363579996482403	0.696
233.0	0.0	2.3679060665362037	2.1463874626774535	19.25989526400874	0.0	0.699
234.0	4.0	2.3737769080234834	2.1528624686833875	19.240354866655927	0.19208062315627458	0.702
235.0	6.0	2.379647749510763	2.159334020421954	19.220888973619832	0.23478817244014114	0.705
236.0	3.0	2.3855185909980428	2.1658021488578516	19.20149683393278	0.1656953342118967	0.708
237.0	2.0	2.391389432485323	2.1722668845706954	19.182177700808644	0.1350254822637395	0.711
238.0	0.0	2.397260273972603	2.1787282577612106	19.1629308315755	0.0	0.714
239.0	0.0	2.4031311154598827	2.185186298257304	19.143755487609642	0.0	0.717
240.0	2.0	2.4090019569471623	2.191641035520018	19.124650934270797	0.13423973510324308	0.72
241.0	2.0	2.414872798434442	2.1980924986493617	19.105616440838734	0.13398007325489197	0.723
242.0	1.0	2.420743639921722	2.20454071639003	19.08665131185364	0.09455539881043823	0.726
243.0	0.0	2.4266144814090023	2.210985717137015	19.067755174752513	0.0	0.729
244.0	0.0	2.432485322896282	2.217427528941099	19.048927845696532	0.0	0.732
245.0	1.0	2.4383561643835616	2.223866179514252	19.030169145271113	0.09401161937751244	0.735
246.0	0.0	2.4442270058708413	2.2303016962349145	19.01147889612515	0.0	0.738
247.0	1.0	2.4500978473581214	2.236734106153188	18.992856922938927	0.09365294160284386	0.741
248.0	0.0	2.455968688845401	2.243163435995915	18.974303052392692	0.0	0.744
249.0	0.0	2.461839530332681	2.2495897121716744	18.95581711313575	0.0	0.747
250.0	2.0	2.467710371819961	2.256012960775671	18.93739893575617	0.131692380254255	0.75
251.0	1.0	2.4735812133072406	2.2624332075945404	18.919048352751123	0.09294460425783353	0.753
252.0	0.0	2.4794520547945202	2.2688504781110566	18.90076519849771	0.0	0.756
253.0	0.0	2.4853228962818004	2.275264797508755	18.882549309224355	0.0	0.759
254.0	0.0	2.4911937377690805	2.281676190676469	18.864400522982784	0.0	0.762
255.0	0.0	2.49706457925636	2.2880846822127765	18.846318679620445	0.0	0.765
256.0	0.0	2.50293542074364	2.2944902964303733	18.828303620753527	0.0	0.768
257.0	0.0	2.5088062622309195	2.300893057360354	18.810355189740406	0.0	0.771
258.0	2.0	2.5146771037181996	2.307292988756424	18.792473231655617	0.12973011412710073	0.774
259.0	0.0	2.5205479452054798	2.3136901140990265	18.774657593264312	0.0	0.777
260.0	1.0	2.5264187866927594	2.320084456599396	18.756908122997196	0.09139323125668022	0.78
261.0	0.0	2.532289628180039	2.3264760392035417	18.73922467092585	0.0	0.783
262.0	0.0	2.538160469667319	2.3328648845961535	18.72160708873862	0.0	0.786
263.0	0.0	2.544031311154599	2.339251015204437	18.7040552297168	0.0	0.789
264.0	1.0	2.5499021526418786	2.345634453201881	18.68656894871141	0.09072180881135024	0.792
265.0	0.0	2.5557729941291587	2.35201522051196	18.66914810212026	0.0	0.795
266.0	0.0	2.5616438356164384	2.358393338811764	18.651792547865465	0.0	0.798
267.0	3.0	2.567514677103718	2.3647688295355658	18.634502145371393	0.1562747437035274	0.801
268.0	0.0	2.5733855185909977	2.3711417138783286	18.61727675554298	0.0	0.804
269.0	1.0	2.579256360078278	2.377512012799146	18.600116240744434	0.08989750958377356	0.807
270.0	1.0	2.585127201565558	2.3838797470246216	18.5830204647783	0.08973459972941011	0.81
271.0	0.0	2.5909980430528377	2.3902449370521914	18.565989292864955	0.0	0.813
272.0	0.0	2.5968688845401173	2.396607603153389	18.549022591622354	0.0	0.816
273.0	3.0	2.602739726027397	2.402967765377049	18.532120206169974	0.1545849935793595	0.819
274.0	1.0	2.608610567514677	2.4093254435524574	18.51528136474114	0.08908930945342121	0.822
275.0	1.0	2.6144814090019572	2.415680657292445	18.498504624304356	0.08892955738123194	0.825
276.0	1.0	2.620352250489237	2.422033425996431	18.481788512092862	0.08877043028436422	0.828
277.0	0.0	2.6262230919765166	2.4283837688534105	18.465131559710258	0.0	0.831
278.0	1.0	2.6320939334637963	2.434731704844893	18.44853230306937	0.08845404649144264	0.834
279.0	1.0	2.6379647749510764	2.441077252747787	18.431989282332214	0.08829678757925936	0.837
280.0	0.0	2.643835616438356	2.4474204311372376	18.415501041850945	0.0	0.84
281.0	0.0	2.649706457925636	2.4537612583894184	18.399066130109855	0.0	0.843
282.0	0.0	2.655577299412916	2.460099752684268	18.382683099668355	0.0	0.846
283.0	1.0	2.6614481409001955	2.46643593200819	18.366350507104887	0.08767394682291016	0.849
284.0	2.0	2.6673189823874752	2.4727698141566994	18.350066912961807	0.12377166010459156	0.852
285.0	0.0	2.6731898238747553	2.4791014167370293	18.333830881691245	0.0	0.855
286.0	0.0	2.6790606653620355	2.4854307571706906	18.317640981601794	0.0	0.858
287.0	0.0	2.684931506849315	2.4917578526959905	18.30149578480612	0.0	0.861
288.0	0.0	2.690802348336595	2.4980827203705114	18.285393867169493	0.0	0.864
289.0	3.0	2.6966731898238745	2.504405377073542	18.269333808259116	0.15026953910676596	0.867
290.0	0.0	2.7025440313111546	2.5107258395084773	18.253314191294308	0.0	0.87
291.0	0.0	2.7084148727984347	2.517044124205168	18.23733360309754	0.0	0.873
292.0	0.0	2.7142857142857144	2.523360247522242	18.221390634046234	0.0	0.876
293.0	0.0	2.720156555772994	2.5296742256493814	18.20548387802541	0.0	0.879
294.0	0.0	2.7260273972602738	2.5359860746095637	18.189611932381037	0.0	0.882
295.0	0.0	2.731898238747554	2.542295810261266	18.1737733978742	0.0	0.885
296.0	0.0	2.7377690802348336	2.548603448300635	18.157966878636028	0.0	0.888
297.0	0.0	2.7436399217221137	2.554909004263621	18.142190982123267	0.0	0.891
298.0	0.0	2.7495107632093934	2.561212493528075	18.12644431907467	0.0	0.894
299.0	0.0	2.755381604696673	2.567513931315819	18.110725503468018	0.0	0.897
300.0	0.0	2.7612524461839527	2.5738133326946735	18.095033152477903	0.0	0.9
301.0	0.0	2.767123287671233	2.5801107125804608	18.07936588643409	0.0	0.903
302.0	2.0	2.772994129158513	2.58640608573897	18.063722328780642	0.11999479920599768	0.906
303.0	0.0	2.7788649706457926	2.5926994667878964	18.048101106035638	0.0	0.909
304.0	0.0	2.7847358121330723	2.5989908701987474	18.03250084775155	0.0	0.912
305.0	2.0	2.790606653620352	2.605280310298717	18.01692046845296	0.11939223762208052	0.915
306.0	0.0	2.796477495107632	2.6115678012725336	18.001360722459815	0.0	0.918
307.0	0.0	2.8023483365949122	2.617853357164276	17.9858230990902	0.0	0.921
308.0	0.0	2.808219178082192	2.624136991879163	17.970309087287415	0.0	0.924
309.0	0.0	2.8140900195694716	2.630418719185314	17.954820173681544	0.0	0.927
310.0	1.0	2.8199608610567513	2.636698552715485	17.939357842618765	0.08372467547197626	0.93
311.0	0.0	2.8258317025440314	2.642976505968772	17.923923576190194	0.0	0.933
312.0	0.0	2.831702544031311	2.649252592312292	17.90851885426033	0.0	0.936
313.0	0.0	2.837573385518591	2.6555268249828394	17.893145154494988	0.0	0.939
314.0	0.0	2.843444227005871	2.661799217088512	17.877803952388888	0.0	0.942
315.0	0.0	2.8493150684931505	2.6680697816103174	17.862496721292715	0.0	0.945
316.0	0.0	2.85518590998043	2.674338531403752	17.847224932439886	0.0	0.948
317.0	1.0	2.8610567514677103	2.6806054792003553	17.8319900549728	0.08277012686916646	0.951
318.0	0.0	2.8669275929549904	2.686870637609242	17.816793555968744	0.0	0.954
319.0	2.0	2.87279843444227	2.6931340191186104	17.801636900465414	0.11667555439078946	0.957
320.0	0.0	2.87866927592955	2.699395636097228	17.786521551485993	0.0	0.96
321.0	0.0	2.8845401174168295	2.705655500795897	17.771448970063926	0.0	0.963
322.0	0.0	2.8904109589041096	2.7119136253488927	17.75642061526725	0.0	0.966
323.0	0.0	2.8962818003913897	2.718170021775384	17.74143794422261	0.0	0.969
324.0	0.0	2.9021526418786694	2.724424701980831	17.72650241213891	0.0	0.972
325.0	1.0	2.908023483365949	2.7306776777583672	17.711615472330553	0.08170958472227209	0.975
326.0	1.0	2.9138943248532287	2.7369289607901504	17.69677857624044	0.08157913458566243	0.978
327.0	0.0	2.919765166340509	2.7431785626487057	17.681993173462516	0.0	0.981
328.0	0.0	2.9256360078277885	2.749426494798237	17.667260711764058	0.0	0.984
329.0	1.0	2.9315068493150687	2.7556727685959306	17.652582637107635	0.08119045217862104	0.987
330.0	1.0	2.9373776908023483	2.761917395293229	17.637960393672653	0.08106175953794367	0.99
331.0	0.0	2.943248532289628	2.768160386037097	17.62339542387671	0.0	0.993
332.0	1.0	2.9491193737769077	2.774401751871257	17.60888916839657	0.08080563878989956	0.996
333.0	0.0	2.954990215264188	2.780641503737418	17.594443066188816	0.0	0.999
334.0	0.0	2.960861056751468	2.786879652476479	17.580058554510252	0.0	1.002
335.0	0.0	2.9667318982387476	2.7931162088297152	17.565737068937967	0.0	1.005
336.0	1.0	2.9726027397260273	2.7993511834399563	17.551480043389137	0.08029828207865132	1.008
337.0	1.0	2.978473581213307	2.805584586852733	17.537288599075076	0.08017242559147336	1.011
338.0	0.0	2.984344422700587	2.8118164295174215	17.523162153137548	0.0	1.014
339.0	0.0	2.990215264187867	2.818046721788359	17.509099544361355	0.0	1.017
340.0	1.0	2.996086105675147	2.8242754739259532	17.495099613296993	0.07979717187930876	1.02
341.0	0.0	3.0019569471624266	2.830502696097772	17.481161202722255	0.0	1.023
342.0	0.0	3.0078277886497067	2.8367283983796168	17.467283157616432	0.0	1.026
343.0	0.0	3.0136986301369864	2.8429525907565796	17.453464325134913	0.0	1.029
344.0	1.0	3.019569471624266	2.849175283124092	17.439703554584064	0.07930223454864131	1.032
345.0	0.0	3.025440313111546	2.85539648528895	17.425999697396527	0.0	1.035
346.0	0.0	3.031311154598826	2.8616162069703313	17.412351607106867	0.0	1.038
347.0	0.0	3.0371819960861055	2.8678344578007953	17.39875813932751	0.0	1.041
348.0	0.0	3.0430528375733856	2.8740512473272695	17.38521815172506	0.0	1.044
349.0	1.0	3.0489236790606653	2.880266585012023	17.37173050399695	0.07869223951402	1.047
350.0	0.0	3.0547945205479454	2.8864804802336272	17.358294057848386	0.0	1.05
351.0	1.0	3.060665362035225	2.892692942287898	17.344907676969637	0.07845094062669322	1.053
352.0	1.0	3.0665362035225048	2.8989039803888326	17.331570227013614	0.07833086961798245	1.056
353.0	1.0	3.072407045009785	2.905113603669529	17.31828057557381	0.07821118427187346	1.059
354.0	0.0	3.0782778864970646	2.911321821183092	17.305037592162478	0.0	1.062
355.0	0.0	3.0841487279843443	2.917528641903529	17.29184014818916	0.0	1.065
356.0	0.0	3.0900195694716244	2.9237340747266334	17.278687116939473	0.0	1.068
357.0	0.0	3.095890410958904	2.9299381284708543	17.265577373554216	0.0	1.071
358.0	0.0	3.101761252446184	2.9361408118781567	17.252509795008752	0.0	1.074
359.0	0.0	3.107632093933464	2.9423421336148663	17.239483260092662	0.0	1.077
360.0	1.0	3.1135029354207435	2.948542102272509	17.22649664938966	0.07738418953694298	1.08
361.0	0.0	3.1193737769080236	2.9547407263686316	17.213548845257833	0.0	1.083
362.0	1.0	3.1252446183953033	2.9609380143476165	17.200638731810095	0.0771513796712459	1.086
363.0	4.0	3.131115459882583	2.967133974581485	17.187765194894922	0.15407110846210814	1.089
364.0	0.0	3.136986301369863	2.973328615370688	17.174927122077367	0.0	1.092
365.0	0.0	3.142857142857143	2.979521944944887	17.162123402620278	0.0	1.095
366.0	0.0	3.148727984344423	2.9857139714637255	17.14935292746582	0.0	1.098
367.0	0.0	3.1545988258317026	2.991904703017587	17.13661458921721	0.0	1.101
368.0	0.0	3.1604696673189823	2.998094147628349	17.12390728212072	0.0	1.104
369.0	0.0	3.1663405088062624	3.0042823132501213	17.111229959066616	0.0	1.107
370.0	0.0	3.172211350293542	3.010469207769974	17.09858217962887	0.0	1.11
371.0	0.0	3.1780821917808217	3.0166548390086643	17.08596386879319	0.0	1.113
372.0	0.0	3.183953033268102	3.022839214721343	17.07337495689023	0.0	1.116
373.0	0.0	3.1898238747553815	3.0290223425982576	17.060815374565866	0.0	1.119
374.0	0.0	3.1956947162426617	3.0352042302654474	17.048285052777807	0.0	1.122
375.0	0.0	3.2015655577299413	3.041384885285424	17.035783922792312	0.0	1.125
376.0	0.0	3.207436399217221	3.0475643151578495	17.023311916180873	0.0	1.128
377.0	1.0	3.213307240704501	3.053742527320202	17.01086896481701	0.07545438744279234	1.131
378.0	1.0	3.219178082191781	3.0599195291484307	16.99845500087305	0.07534427754316055	1.134
379.0	0.0	3.2250489236790605	3.066095327957607	16.986069956816998	0.0	1.137
380.0	1.0	3.2309197651663406	3.0722699310025674	16.9737137654094	0.07512515650563	1.14
381.0	0.0	3.2367906066536203	3.078443345478541	16.9613863597003	0.0	1.143
382.0	1.0	3.2426614481409004	3.0846155785217775	16.94908767302617	0.0749074871795048	1.146
383.0	0.0	3.24853228962818	3.090786637210163	16.936817639006964	0.0	1.149
384.0	0.0	3.2544031311154598	3.096956528563827	16.92457619154311	0.0	1.152
385.0	0.0	3.26027397260274	3.1031252595457457	16.912363264812633	0.0	1.155
386.0	0.0	3.2661448140900196	3.1092928370623323	16.900178793268257	0.0	1.158
387.0	1.0	3.2720156555772992	3.1154592679640256	16.888022711634548	0.07436956219507317	1.161
388.0	0.0	3.2778864970645794	3.121624559045866	16.875894954905128	0.0	1.164
389.0	1.0	3.283757338551859	3.1277887170480665	16.863795458339894	0.0741568511743049	1.167
390.0	0.0	3.289628180039139	3.1339517486565773	16.851724157462275	0.0	1.17
391.0	0.0	3.295499021526419	3.1401136605036424	16.83968098805654	0.0	1.173
392.0	1.0	3.3013698630136985	3.146274459168349	16.8276658861651	0.07384037222825232	1.176
393.0	1.0	3.3072407045009786	3.1524341511771707	16.815678788085904	0.07373556189028149	1.179
394.0	0.0	3.3131115459882583	3.1585927430045024	16.803719630369827	0.0	1.182
395.0	0.0	3.318982387475538	3.1647502410731914	16.791788349818088	0.0	1.185
396.0	0.0	3.324853228962818	3.170906651755059	16.779884883479696	0.0	1.188
397.0	1.0	3.3307240704500978	3.1770619813714163	16.768009168648998	0.07331968542961449	1.191
398.0	1.0	3.336594911937378	3.183216236193576	16.756161142863142	0.07321654861828579	1.194
399.0	0.0	3.3424657534246576	3.1893694224433555	16.744340743899667	0.0	1.197
400.0	0.0	3.3483365949119372	3.195521546293573	16.732547909774055	0.0	1.2
401.0	0.0	3.3542074363992174	3.20167261386854	16.72078257873739	0.0	1.203
402.0	1.0	3.360078277886497	3.207822631244547	16.709044689273945	0.07280727800505539	1.206
403.0	0.0	3.3659491193737767	3.2139716044503417	16.697334180098903	0.0	1.209
404.0	0.0	3.371819960861057	3.2201195394676048	16.685650990156038	0.0	1.212
405.0	0.0	3.3776908023483365	3.2262664422314145	16.673995058615414	0.0	1.215
406.0	0.0	3.3835616438356166	3.2324123186307125	16.662366324871197	0.0	1.218
407.0	0.0	3.3894324853228963	3.2385571745087574	16.65076472853938	0.0	1.221
408.0	1.0	3.395303326810176	3.244701015663577	16.639190209455634	0.07220301415662175	1.224
409.0	0.0	3.401174168297456	3.2508438478484156	16.627642707673132	0.0	1.227
410.0	0.0	3.407045009784736	3.25698567677217	16.61612216346039	0.0	1.23
411.0	0.0	3.4129158512720155	3.2631265080998295	16.604628517299187	0.0	1.233
412.0	0.0	3.4187866927592956	3.2692663474529025	16.593161709882438	0.0	1.236
413.0	0.0	3.4246575342465753	3.2754052004098413	16.581721682112192	0.0	1.239
414.0	0.0	3.4305283757338554	3.281543072506464	16.57030837509752	0.0	1.242
415.0	0.0	3.436399217221135	3.2876799692363656	16.55892173015255	0.0	1.245
416.0	0.0	3.4422700587084147	3.293815896051331	16.547561688794477	0.0	1.248
417.0	0.0	3.448140900195695	3.299950858361739	16.536228192741564	0.0	1.251
418.0	0.0	3.4540117416829745	3.3060848615369594	16.52492118391123	0.0	1.254
419.0	0.0	3.459882583170254	3.312217910905753	16.513640604418114	0.0	1.257
420.0	0.0	3.4657534246575343	3.3183500117566602	16.502386396572184	0.0	1.26
421.0	0.0	3.471624266144814	3.324481169338385	16.491158502876868	0.0	1.263
422.0	0.0	3.477495107632094	3.330611388860182	16.47995686602717	0.0	1.266
423.0	0.0	3.483365949119374	3.336740675492226	16.46878142890788	0.0	1.269
424.0	0.0	3.4892367906066535	3.342869034365992	16.457632134591737	0.0	1.272
425.0	0.0	3.4951076320939336	3.3489964705746202	16.446508926337643	0.0	1.275
426.0	0.0	3.5009784735812133	3.3551229891732794	16.4354117475889	0.0	1.278
427.0	0.0	3.506849315068493	3.361248595179529	16.42434054197146	0.0	1.281
428.0	0.0	3.512720156555773	3.367373293573674	16.413295253292194	0.0	1.284
429.0	0.0	3.5185909980430528	3.3734970892991156	16.402275825537185	0.0	1.287
430.0	1.0	3.524461839530333	3.379619987262701	16.39128220287005	0.070081069928781	1.29
431.0	0.0	3.5303326810176126	3.3857419923350633	16.38031432963025	0.0	1.293
432.0	0.0	3.5362035225048922	3.391863109350967	16.369372150331447	0.0	1.296
433.0	0.0	3.5420743639921723	3.397983343109638	16.3584556096599	0.0	1.299
434.0	0.0	3.547945205479452	3.404102698375099	16.34756465247281	0.0	1.302
435.0	0.0	3.5538160469667317	3.410221179876497	16.336699223796753	0.0	1.305
436.0	0.0	3.559686888454012	3.4163387923084274	16.325859268826097	0.0	1.308
437.0	0.0	3.5655577299412915	3.422455540331254	16.31504473292145	0.0	1.311
438.0	1.0	3.5714285714285716	3.428571428571429	16.304255561608095	0.0693437851897275	1.314
439.0	0.0	3.5772994129158513	3.434686461621802	16.293491700574506	0.0	1.317
440.0	0.0	3.583170254403131	3.4408006440419356	16.282753095670813	0.0	1.32
441.0	0.0	3.589041095890411	3.446913980358408	16.272039692907317	0.0	1.323
442.0	0.0	3.5949119373776908	3.4530264750651165	16.261351438453037	0.0	1.326
443.0	0.0	3.6007827788649704	3.4591381326235786	16.25068827863422	0.0	1.329
444.0	0.0	3.6066536203522506	3.465248957463229	16.240050159932935	0.0	1.332
445.0	0.0	3.6125244618395302	3.4713589539817096	16.229437028985625	0.0	1.335
446.0	0.0	3.6183953033268104	3.477468126545162	16.218848832581717	0.0	1.338
447.0	0.0	3.62426614481409	3.4835764794885136	16.208285517662226	0.0	1.341
448.0	0.0	3.6301369863013697	3.4896840171157604	16.19774703131836	0.0	1.344
449.0	0.0	3.63600782778865	3.4957907437002484	16.187233320790195	0.0	1.347
450.0	0.0	3.6418786692759295	3.5018966634849487	16.1767443331218	0.0	1.35
451.0	0.0	3.647749510763209	3.5080017806827337	16.166279991084664	0.0	1.353
452.0	0.0	3.6536203522504893	3.514106099476649	16.15584017739996	0.0	1.356
453.0	0.0	3.659491193737769	3.5202096240201777	16.145424771231557	0.0	1.359
454.0	0.0	3.665362035225049	3.5263123584375102	16.135033651938805	0.0	1.362
455.0	0.0	3.671232876712329	3.5324143068238016	16.12466669907474	0.0	1.365
456.0	0.0	3.6771037181996085	3.538515473245438	16.114323792384383	0.0	1.368
457.0	0.0	3.6829745596868886	3.544615861740286	16.10400481180301	0.0	1.371
458.0	0.0	3.6888454011741683	3.5507154763179503	16.093709637454452	0.0	1.374
459.0	1.0	3.694716242661448	3.556814320960026	16.083438149649442	0.06748845150283617	1.377
460.0	0.0	3.700587084148728	3.562912399620342	16.07319022888395	0.0	1.38
461.0	0.0	3.7064579256360077	3.5690097162252132	16.062965755837517	0.0	1.383
462.0	0.0	3.712328767123288	3.575106274673679	16.052764611371675	0.0	1.386
463.0	0.0	3.7181996086105675	3.5812020788377437	16.04258667652831	0.0	1.389
464.0	0.0	3.724070450097847	3.587297132562618	16.032431832528086	0.0	1.392
465.0	0.0	3.7299412915851273	3.5933914396669517	16.022299960768873	0.0	1.395
466.0	0.0	3.735812133072407	3.599485003943065	16.0121909428242	0.0	1.398
467.0	0.0	3.7416829745596867	3.605577829157183	16.00210466044171	0.0	1.401
468.0	0.0	3.747553816046967	3.611669919049661	15.992040995541641	0.0	1.404
469.0	0.0	3.7534246575342465	3.617761277335208	15.981999830215315	0.0	1.407
470.0	0.0	3.7592954990215266	3.6238519077031155	15.971981046723664	0.0	1.41
471.0	0.0	3.7651663405088063	3.6299418138174717	15.961984527495751	0.0	1.413
472.0	0.0	3.771037181996086	3.636030999317385	15.9520101551273	0.0	1.416
473.0	0.0	3.776908023483366	3.6421194678171975	15.942057812379273	0.0	1.419
474.0	0.0	3.7827788649706457	3.6482072229066986	15.932127382176441	0.0	1.422
475.0	0.0	3.7886497064579254	3.654294268151338	15.922218747605942	0.0	1.425
476.0	0.0	3.7945205479452055	3.660380607092435	15.912331791915935	0.0	1.428
477.0	0.0	3.8003913894324852	3.6664662432473825	15.90246639851418	0.0	1.431
478.0	0.0	3.8062622309197653	3.6725511801098576	15.89262245096668	0.0	1.434
479.0	0.0	3.812133072407045	3.6786354211500187	15.882799832996321	0.0	1.437
480.0	0.0	3.8180039138943247	3.6847189698147105	15.872998428481555	0.0	1.44
481.0	0.0	3.823874755381605	3.690801829527661	15.863218121455049	0.0	1.443
482.0	0.0	3.8297455968688845	3.696884003689676	15.853458796102386	0.0	1.446
483.0	0.0	3.835616438356164	3.7029654956788383	15.843720336760759	0.0	1.449
484.0	0.0	3.8414872798434443	3.7090463088506977	15.834002627917693	0.0	1.452
485.0	0.0	3.847358121330724	3.7151264465384592	15.824305554209776	0.0	1.455
486.0	0.0	3.853228962818004	3.7212059120531764	15.814629000421384	0.0	1.458
487.0	0.0	3.8590998043052838	3.7272847086839342	15.804972851483456	0.0	1.461
488.0	0.0	3.8649706457925634	3.7333628396980365	15.795336992472244	0.0	1.464
489.0	0.0	3.8708414872798436	3.739440308341187	15.78572130860811	0.0	1.467
490.0	0.0	3.8767123287671232	3.7455171178376707	15.776125685254295	0.0	1.47
491.0	0.0	3.882583170254403	3.7515932713905342	15.766550007915743	0.0	1.473
492.0	0.0	3.888454011741683	3.757668772181762	15.75699416223791	0.0	1.476
493.0	0.0	3.8943248532289627	3.7637436233724504	15.747458034005604	0.0	1.479
494.0	0.0	3.900195694716243	3.769817828102986	15.737941509141795	0.0	1.482
495.0	0.0	3.9060665362035225	3.775891389493213	15.728444473706498	0.0	1.485
496.0	0.0	3.911937377690802	3.7819643106426044	15.718966813895634	0.0	1.488
497.0	0.0	3.9178082191780823	3.788036594630434	15.709508416039881	0.0	1.491
498.0	0.0	3.923679060665362	3.7941082445159386	15.700069166603585	0.0	1.494
499.0	0.0	3.9295499021526417	3.8001792633384857	15.690648952183656	0.0	1.497
500.0	0.0	3.935420743639922	3.8062496541177375	15.681247659508456	0.0	1.5
501.0	0.0	3.9412915851272015	3.8123194198538095	15.671865175436745	0.0	1.503
502.0	0.0	3.9471624266144816	3.818388563527437	15.66250138695659	0.0	1.506
503.0	0.0	3.9530332681017613	3.8244570881001256	15.653156181184325	0.0	1.509
504.0	0.0	3.958904109589041	3.8305249965143155	15.643829445363489	0.0	1.512
505.0	0.0	3.964774951076321	3.836592291693534	15.634521066863783	0.0	1.515
506.0	0.0	3.9706457925636007	3.8426589765425483	15.625230933180074	0.0	1.518
507.0	0.0	3.9765166340508804	3.8487250539475206	15.615958931931335	0.0	1.521
508.0	0.0	3.9823874755381605	3.8547905267761573	15.606704950859658	0.0	1.524
509.0	0.0	3.98825831702544	3.8608553978778586	15.597468877829275	0.0	1.527
510.0	0.0	3.9941291585127203	3.866919670083868	15.588250600825528	0.0	1.53
511.0	0.0	4.0	3.872983346207417	15.579050007953937	0.0	1.533
