ChannelNumber	N(E)	W	P	G(Z,W)	Value	Energy(MeV)
0.0	0.0	1.0	0.0	28.26	0.0	0.0
1.0	0.0	1.0060528375733855	0.11019215938287447	28.175433924638842	0.0	0.003093
2.0	95.0	1.0121076320939335	0.15608285922159734	28.09334280124538	1.8169099093959864	0.006187000000000001
3.0	2251.0	1.018160469667319	0.1914438350879329	28.012002789890524	8.80439331958439	0.00928
4.0	1973.0	1.024215264187867	0.221397622831462	27.931091040218956	8.205940213321236	0.012374000000000001
5.0	997.0	1.0302681017612525	0.24789586827281856	27.85069282865708	5.807367685562923	0.015467
6.0	548.0	1.036320939334638	0.271957881487973	27.770852961281026	4.2864858693398205	0.01856
7.0	354.0	1.042375733855186	0.29418900477437543	27.69156853896775	3.4300745585489336	0.021654
8.0	342.0	1.0484285714285715	0.31496423509305804	27.612897522181775	3.3567439494735574	0.024746999999999998
9.0	357.0	1.0544833659491193	0.3345671368550478	27.534822672431957	3.41470533269202	0.027841
10.0	368.0	1.060536203522505	0.3531813117676645	27.457431267800875	3.451981488809443	0.030934
11.0	425.0	1.0665890410958905	0.37096116048159433	27.380720862712693	3.6938130306080255	0.034027
12.0	334.0	1.0726438356164383	0.38802680073152757	27.304681194616823	3.2606121091198865	0.037121
13.0	275.0	1.0786966731898238	0.40445829544069606	27.229370388946364	2.946104909702211	0.040214
14.0	399.0	1.0847514677103718	0.42034003699362943	27.15476712256079	3.5337283448502537	0.043308
15.0	378.0	1.0908043052837573	0.4357224258924257	27.080978599663858	3.4250497136691544	0.046401000000000005
16.0	470.0	1.0968571428571428	0.4506612828241789	27.008032197632666	3.8032282461773317	0.049493999999999996
17.0	579.0	1.1029119373776908	0.465203978497832	26.93594732240866	4.2037058344430855	0.052588
18.0	524.0	1.1089647749510763	0.4793775882144378	26.864806209886613	3.982502306068576	0.055680999999999994
19.0	613.0	1.1150195694716243	0.4932227086263227	26.79459314132635	4.289672770517311	0.058775
20.0	530.0	1.1210724070450098	0.5067576756574014	26.72537581816042	3.9723029321348386	0.061868
21.0	603.0	1.1271252446183953	0.5200108816708333	26.657068068338116	4.219687493408493	0.064961
22.0	589.0	1.1331800391389433	0.5330075056722345	26.589512409475265	4.153397955761963	0.068055
23.0	629.0	1.1392328767123288	0.5457577735426662	26.522628752795033	4.27468906200928	0.071148
24.0	656.0	1.1452876712328768	0.5582865302674122	26.456263413892927	4.347835267648569	0.074242
25.0	624.0	1.1513405088062623	0.5706005320872588	26.39036028581655	4.223435344009695	0.07733499999999999
26.0	676.0	1.1573933463796477	0.5827172197935111	26.324808610503926	4.37834273934808	0.080428
27.0	765.0	1.1634481409001958	0.5946524838627364	26.25950650030822	4.639171284688602	0.083522
28.0	668.0	1.1695009784735813	0.606409546965303	26.194426798432275	4.318005508532363	0.086615
29.0	761.0	1.1755557729941293	0.618005967139335	26.129540214729598	4.590745380782921	0.089709
30.0	725.0	1.1816086105675148	0.6294433322923461	26.064966635293004	4.463409870752057	0.09280200000000001
31.0	710.0	1.1876614481409002	0.6407337320604716	26.00075931501748	4.399907024887933	0.095895
32.0	849.0	1.193716242661448	0.6518883861473258	25.936966624820478	4.792842418362559	0.09898900000000001
33.0	920.0	1.1997690802348338	0.6629071170892186	25.873693995271466	4.970121773573168	0.10208199999999999
34.0	782.0	1.2058238747553816	0.673803544759214	25.81096052948187	4.564754387693666	0.105176
35.0	828.0	1.2118767123287673	0.6845766325874567	25.74886302608352	4.6792656317144745	0.108269
36.0	923.0	1.2179295499021525	0.6952354914162969	25.687434003210072	4.9217360744389955	0.11136199999999999
37.0	921.0	1.2239843444227005	0.7057886903258426	25.6267016611869	4.8978738552099825	0.114456
38.0	868.0	1.230037181996086	0.716234227814388	25.566710859858453	4.737008815899549	0.117549
39.0	911.0	1.236091976516634	0.7265833568206741	25.5073941169773	4.834764836387545	0.120643
40.0	926.0	1.2421448140900195	0.7368335898767978	25.44876183255886	4.8562376775844704	0.123736
41.0	1038.0	1.248197651663405	0.7469922205873626	25.39076856904133	5.122446038304801	0.126829
42.0	990.0	1.254252446183953	0.7570661785857495	25.33337134342344	4.98409309887481	0.129923
43.0	983.0	1.2603052837573385	0.7670524155927452	25.276584213729524	4.948138072007069	0.133016
44.0	1021.0	1.2663600782778865	0.776960647559434	25.220348775390473	5.024352670725766	0.13611
45.0	975.0	1.272412915851272	0.7867875370296203	25.164680963336025	4.891910745668553	0.139203
46.0	995.0	1.2784657534246575	0.7965391909251404	25.109543260156443	4.923829827885585	0.142296
47.0	1015.0	1.2845205479452053	0.8062214572271383	25.05489970618987	4.955022500428477	0.14539
48.0	1142.0	1.290573385518591	0.8158306585370017	25.000765740717004	5.236892895433214	0.148483
49.0	1081.0	1.2966281800391388	0.8253754523073784	24.947085802550315	5.076769908461149	0.151577
50.0	1034.0	1.3026810176125245	0.8348519830772413	24.893875036948348	4.947387552602005	0.15466999999999997
51.0	1105.0	1.30873385518591	0.8442655409939307	24.841097425247693	5.096175935869637	0.15776300000000001
52.0	1145.0	1.314788649706458	0.8536212236097057	24.788718397914113	5.169157442611326	0.160857
53.0	1003.0	1.3208414872798433	0.8629149636665414	24.736754930815014	4.820903093943723	0.16394999999999998
54.0	1082.0	1.3268962818003915	0.8721546552393699	24.685157305929188	4.9895192638183286	0.167044
55.0	1112.0	1.3329491193737768	0.88133611910515	24.633943487476852	5.040479481286975	0.170137
56.0	1173.0	1.3390019569471625	0.8904640591895503	24.583082027169684	5.158811142368419	0.17323
57.0	1208.0	1.3450567514677103	0.8995430310267929	24.532542564220602	5.2170089032793	0.176324
58.0	1176.0	1.351109589041096	0.9085687214508319	24.482347151891478	5.129636119740295	0.179417
59.0	1093.0	1.3571643835616438	0.9175484532210038	24.43246645972954	4.928264081994857	0.182511
60.0	1154.0	1.3632172211350293	0.9264778421522618	24.382939700033944	5.04655264730568	0.18560400000000002
61.0	1191.0	1.3692700587084148	0.9353611568134235	24.33375755627074	5.109309140984818	0.188697
62.0	1146.0	1.3753248532289628	0.9442025481374576	24.284911056312676	4.9948075452622165	0.191791
63.0	1154.0	1.3813776908023483	0.9529975470306459	24.23643844003702	4.9952366332922775	0.19488399999999997
64.0	1122.0	1.3874324853228963	0.9617530355186142	24.188314942967217	4.90887261437984	0.19797800000000002
65.0	1165.0	1.3934853228962818	0.9704644996739216	24.140578165613444	4.985247567706672	0.201071
66.0	1137.0	1.3995381604696673	0.9791358754589784	24.09321890791256	4.9084918519582335	0.20416399999999998
67.0	1115.0	1.4055929549902153	0.9877710033798954	24.0462283846713	4.844560436297964	0.207258
68.0	1220.0	1.4116457925636008	0.9963653163687085	23.99964324358533	5.050702455402809	0.210351
69.0	1139.0	1.4177005870841488	1.0049253477839735	23.953439058577207	4.8639981974207815	0.213445
70.0	1184.0	1.4237534246575343	1.013446502892016	23.907642937281235	4.942796027600981	0.216538
71.0	1190.0	1.4298062622309198	1.021932457413284	23.862230438060323	4.939019810850977	0.219631
72.0	1240.0	1.4358610567514676	1.0303868080946306	23.817177737305077	5.025199142400059	0.222725
73.0	1189.0	1.4419138943248533	1.0388049281010676	23.772504945046965	4.904718959881374	0.22581800000000002
74.0	1157.0	1.447968688845401	1.0471930690549236	23.72817445499028	4.8225345242503	0.228912
75.0	1193.0	1.4540215264187868	1.0555465879293147	23.684206488835578	4.881125412141917	0.232005
76.0	1152.0	1.4600743639921723	1.0638689526380336	23.640578498219874	4.7810382033088095	0.235098
77.0	1181.0	1.4661291585127203	1.0721635646864789	23.597268630472705	4.825272554513798	0.23819200000000001
78.0	1185.0	1.4721819960861056	1.0804257631138152	23.55429721597079	4.817953426384121	0.241285
79.0	1139.0	1.4782367906066536	1.0886615677532936	23.511629032351284	4.7084340829341045	0.24437899999999999
80.0	1268.0	1.484289628180039	1.0968663092295428	23.469284450086484	4.952118742480325	0.247472
81.0	1176.0	1.4903424657534248	1.1050432865856423	23.427242630991223	4.753976129564763	0.250565
82.0	1101.0	1.4963972602739726	1.113195742246372	23.385483331271313	4.585361497222589	0.25365899999999997
83.0	1122.0	1.5024500978473583	1.121318998555512	23.344026942618946	4.614328234070695	0.25675200000000004
84.0	1171.0	1.508504892367906	1.129418881681154	23.30284023908582	4.699236426537623	0.259846
85.0	1072.0	1.5145577299412918	1.1374907108741237	23.261943605167392	4.482172447081534	0.26293900000000003
86.0	1184.0	1.520610567514677	1.1455376458402877	23.221317616169188	4.695852181957785	0.266032
87.0	1148.0	1.5266653620352248	1.1535627974402367	23.18094336033288	4.609581935339364	0.269126
88.0	1119.0	1.5327181996086106	1.1615614832678727	23.140841185862147	4.536941276820277	0.272219
89.0	1164.0	1.5387729941291584	1.1695393655030235	23.10097955889818	4.613034860089151	0.275313
90.0	1118.0	1.544825831702544	1.177491762304712	23.061378789596933	4.507116089279306	0.278406
91.0	1142.0	1.5508786692759295	1.1854217168649637	23.022020636170655	4.541334687870107	0.281499
92.0	1093.0	1.5569334637964776	1.1933322298041302	22.98288730305141	4.429326900836763	0.28459300000000004
93.0	1016.0	1.5629863013698628	1.201218622179095	22.943999029360644	4.257524192784697	0.287686
94.0	1063.0	1.5690410958904109	1.2090864156845784	22.905326685272012	4.341742557295701	0.29078
95.0	1156.0	1.5750939334637963	1.216930934455384	22.86689379623362	4.514076043619983	0.293873
96.0	1194.0	1.581146771037182	1.2247551231006575	22.82868678900538	4.573929992500409	0.296966
97.0	1118.0	1.5872015655577298	1.2325618887945986	22.790692435389847	4.412757466463822	0.30006
98.0	1081.0	1.5932544031311155	1.2403465616901945	22.75293436163489	4.326224103247092	0.303153
99.0	1014.0	1.5993091976516634	1.2481145418963786	22.71538726747878	4.177596300927082	0.306247
100.0	1061.0	1.6053620352250488	1.2558611643577131	22.678074586425023	4.260706453999016	0.30933999999999995
101.0	1065.0	1.6114148727984343	1.2635892893958838	22.640983355416974	4.256178106975078	0.312433
102.0	1070.0	1.6174696673189823	1.2713017441571373	22.604100941809723	4.2536536484859395	0.315527
103.0	1038.0	1.6235225048923678	1.2789938717179175	22.567450481471077	4.177333170595768	0.31862
104.0	1047.0	1.6295772994129158	1.2866709660056421	22.531007610722565	4.1831945936900805	0.321714
105.0	970.0	1.6356301369863013	1.2943283760382551	22.49479526181721	4.014761407637851	0.324807
106.0	939.0	1.6416829745596868	1.3019688893975698	22.458801034255494	3.9386756491450776	0.32789999999999997
107.0	1015.0	1.6477377690802348	1.309595264061958	22.423012846559473	4.083174510834735	0.330994
108.0	957.0	1.6537906066536203	1.3172028585816802	22.387453318544768	3.95342133265749	0.33408699999999997
109.0	938.0	1.6598454011741683	1.3247968734108018	22.35209897681658	3.902784969339605	0.337181
110.0	992.0	1.6658982387475538	1.332372673789958	22.316972228563685	4.002116536139066	0.340274
111.0	950.0	1.6719510763209393	1.339932983999852	22.28206119812164	3.9053553448646205	0.34336700000000003
112.0	955.0	1.6780058708414873	1.3474805017433455	22.247354320037715	3.904532337509061	0.346461
113.0	969.0	1.6840587084148728	1.3550106026847057	22.212873676620394	3.9219521221087774	0.349554
114.0	910.0	1.6901135029354208	1.362528404402873	22.178596648397633	3.789987637189454	0.352648
115.0	907.0	1.6961663405088063	1.3700292897142878	22.14454509736869	3.773130456762608	0.355741
116.0	905.0	1.7022191780821918	1.3775159273964177	22.110707642701826	3.7584388557891297	0.358834
117.0	875.0	1.7082739726027398	1.3849909622347527	22.077073207047718	3.6853246636580286	0.36192799999999997
118.0	834.0	1.7143268101761253	1.392449787995477	22.04366331677341	3.5879594292811747	0.36502100000000004
119.0	843.0	1.7203816046966733	1.399897448307804	22.01045617786241	3.5972819232043314	0.368115
120.0	897.0	1.7264344422700586	1.4073293443456398	21.977472535768598	3.7004731461772877	0.37120800000000004
121.0	818.0	1.7324872798434443	1.4147480958882175	21.944698629629492	3.5240477689333582	0.374301
122.0	804.0	1.738542074363992	1.4221563009507263	21.912120423483984	3.4841802599672675	0.377395
123.0	839.0	1.7445949119373778	1.4295493719203218	21.87975549320984	3.549483377343993	0.380488
124.0	787.0	1.7506497064579256	1.436932286059862	21.847579482002125	3.4283602171564946	0.383582
125.0	789.0	1.7567025440313113	1.444300463271435	21.815609815328482	3.4233916943429437	0.386675
126.0	766.0	1.7627553816046966	1.4516564798106746	21.783832741442094	3.363993815425057	0.38976799999999995
127.0	762.0	1.7688101761252448	1.4590028921027607	21.752234808560463	3.346141607633138	0.39286200000000004
128.0	742.0	1.77486301369863	1.4663351313377797	21.720833221096903	3.293054155450018	0.395955
129.0	703.0	1.780917808219178	1.4736581149073216	21.689604499835667	3.196744814738189	0.399049
130.0	743.0	1.7869706457925636	1.480967281517148	21.658565705108433	3.2776467231937705	0.402142
131.0	651.0	1.7930234833659493	1.4882651685441552	21.627703634016466	3.0598441859637595	0.405235
132.0	688.0	1.799078277886497	1.4955542952240295	21.597005356260933	3.137237454056458	0.408329
133.0	703.0	1.8051311154598826	1.5028301114901312	21.566487721387464	3.1628543932013278	0.411422
134.0	666.0	1.8111859099804306	1.5100974804666223	21.536128042176465	3.0703668703057234	0.414516
135.0	625.0	1.8172387475538159	1.5173518595273021	21.50594303137923	2.966530205966382	0.417609
136.0	685.0	1.8232915851272016	1.5245957511404993	21.475919977617757	3.0975139404370093	0.420702
137.0	720.0	1.8293463796477494	1.5318316411180204	21.44604641729251	3.167354562009427	0.423796
138.0	624.0	1.835399217221135	1.5390549979048687	21.416338863849422	2.9409601355701747	0.426889
139.0	633.0	1.8414540117416829	1.5462706352251334	21.38677534563826	2.954393396730614	0.429983
140.0	617.0	1.8475068493150686	1.5534740288354008	21.357372247275865	2.9092605389938657	0.433076
141.0	552.0	1.8535596868884539	1.5606676497121426	21.328117298470996	2.7446483091019807	0.436169
142.0	623.0	1.8596144814090019	1.5678539534874	21.298998454033736	2.908315465910539	0.43926299999999996
143.0	590.0	1.8656673189823874	1.5750284267653485	21.27003191160716	2.822979543301994	0.44235599999999997
144.0	555.0	1.8717221135029354	1.5821958381236803	21.24119634631647	2.7309618509680123	0.44545
145.0	520.0	1.8777749510763209	1.5893516813121251	21.212507835412204	2.636708520021395	0.448543
146.0	530.0	1.8838277886497066	1.5964983987742811	21.18395450495348	2.655175415888633	0.45163600000000004
147.0	541.0	1.8898825831702544	1.6036384187747166	21.155524713856778	2.675789277950727	0.45473
148.0	502.0	1.8959354207436399	1.6107672456411457	21.127235021001223	2.571029066270091	0.457823
149.0	526.0	1.9019902152641879	1.6178896065432622	21.09906594821582	2.625143079100278	0.46091699999999997
150.0	502.0	1.9080430528375734	1.6250010127632926	21.07103456275701	2.5581190920503163	0.46401
151.0	481.0	1.9140958904109588	1.6321038807894923	21.043130615445563	2.4977770557932506	0.467103
152.0	499.0	1.9201506849315069	1.6392006139710098	21.015344038927108	2.537737569573396	0.470197
153.0	488.0	1.9262035225048924	1.6462867338681482	20.98769170421073	2.5033720568388937	0.47329000000000004
154.0	448.0	1.9322583170254404	1.6533669295452802	20.96015465584585	2.3926357100930997	0.47638400000000003
155.0	458.0	1.9383111545988259	1.6604367293101636	20.93274963552029	2.413215490431396	0.479477
156.0	452.0	1.9443639921722113	1.6674985259531292	20.905466680169994	2.3914522524768955	0.48257
157.0	387.0	1.9504187866927594	1.6745547000573184	20.87829599965861	2.207395159172591	0.485664
158.0	429.0	1.9564716242661448	1.6816007898899807	20.851254144008966	2.3184033825869435	0.488757
159.0	395.0	1.9625264187866929	1.688641449341962	20.824322627855675	2.219205879026028	0.491851
160.0	455.0	1.9685792563600784	1.6956722232115495	20.797517874988493	2.3760033067904156	0.494944
161.0	399.0	1.9746320939334638	1.702695482578155	20.770830190662277	2.2195929098355447	0.49803699999999995
162.0	370.0	1.9806868884540116	1.7097135871524312	20.744250044921184	2.132240391446668	0.501131
163.0	341.0	1.9867397260273973	1.716722091363485	20.717793674555818	2.0420410199112258	0.504224
164.0	386.0	1.9927945205479451	1.723725616542817	20.691443039733624	2.1673833963634213	0.5073179999999999
165.0	352.0	1.9988473581213309	1.7307197234297134	20.665214254137382	2.064770302096148	0.510411
166.0	356.0	2.0049001956947166	1.7377067631498455	20.639097875411046	2.0715092907889496	0.5135040000000001
167.0	328.0	2.0109549902152644	1.7446890762172136	20.613084618509586	1.9836410111662388	0.516598
168.0	339.0	2.0170078277886496	1.751662232669497	20.587190414814245	2.0118413251532767	0.519691
169.0	331.0	2.0230626223091974	1.7586308236194903	20.56139764769351	1.9832540715905438	0.5227849999999999
170.0	324.0	2.0291154598825836	1.765590425193371	20.53572212855359	1.957540498549528	0.5258780000000001
171.0	314.0	2.035168297455969	1.7725433701237967	20.510154653092897	1.9225605547310074	0.528971
172.0	275.0	2.0412230919765166	1.7794919812177212	20.484686167419568	1.794986624472811	0.532065
173.0	271.0	2.047275929549902	1.7864318435681825	20.459332305329912	1.7777166374524345	0.535158
174.0	250.0	2.0533307240704497	1.793367520173062	20.43407585298385	1.7034665036441616	0.538252
175.0	229.0	2.059383561643836	1.8002946019940322	20.40893232732856	1.6265610057043154	0.5413450000000001
176.0	241.0	2.065436399217221	1.807215404762642	20.38389285454566	1.6647657449443791	0.544438
177.0	271.0	2.071491193737769	1.8141322349082294	20.35894907526325	1.761261638773745	0.547532
178.0	214.0	2.0775440313111546	1.82104069203206	20.33411688752104	1.5615072028509842	0.550625
179.0	223.0	2.083598825831703	1.8279453129148178	20.30938001453038	1.5903400445545577	0.5537190000000001
180.0	180.0	2.089651663405088	1.8348417028102593	20.28475423297154	1.425533673237318	0.556812
181.0	214.0	2.0957045009784734	1.8417321616949172	20.26023132356324	1.5507958877221673	0.559905
182.0	189.0	2.1017592954990216	1.8486189808114986	20.235803205952994	1.4540779931036396	0.562999
183.0	178.0	2.1078121330724073	1.855497773732766	20.21148547487242	1.4079232608708987	0.566092
184.0	172.0	2.113866927592955	1.862373052739778	20.187262215606555	1.3808543337421288	0.5691860000000001
185.0	152.0	2.1199197651663404	1.8692404368467188	20.163148901627896	1.2951593086053927	0.572279
186.0	155.0	2.1259726027397257	1.8761022113946573	20.139137508022237	1.3049316117507228	0.575372
187.0	136.0	2.132027397260274	1.882960653510428	20.115220146999505	1.2195911885889228	0.578466
188.0	189.0	2.1380802348336596	1.8898113902150016	20.091412110209518	1.43450369875282	0.5815589999999999
189.0	141.0	2.1441350293542074	1.8966589108492249	20.067697839060536	1.236256669675973	0.584653
190.0	130.0	2.1501878669275927	1.9034988476704238	20.044092504009935	1.184410012518015	0.587746
191.0	144.0	2.156240704500979	1.9103334723934662	20.02058827026703	1.2437857840391402	0.590839
192.0	111.0	2.1622954990215266	1.9171650489951961	19.99717743860037	1.0895874566570374	0.593933
193.0	135.0	2.168348336594912	1.923989217437021	19.97387499771754	1.198965452350948	0.597026
194.0	109.0	2.1744031311154597	1.9308104455395705	19.950665739970034	1.0749654054751778	0.60012
195.0	98.0	2.1804559686888454	1.9376243783021545	19.92756453290288	1.0170413363374806	0.603213
196.0	106.0	2.186508806262231	1.944433274726157	19.90456372813862	1.0554201228575848	0.606306
197.0	76.0	2.192563600782779	1.951239386512466	19.881655811508047	0.8917196165132492	0.6093999999999999
198.0	93.0	2.198616438356164	1.9580383660720095	19.858855468822213	0.9842714680734715	0.6124930000000001
199.0	91.0	2.2046712328767124	1.9648346610018164	19.83614783887777	0.9715120520646573	0.615587
200.0	91.0	2.2107240704500977	1.9716239285592596	19.813547486314075	0.9694045107897937	0.6186799999999999
201.0	76.0	2.2167769080234834	1.9784084158601214	19.791046945925416	0.8839962503331573	0.621773
202.0	71.0	2.222831702544031	1.985190363122589	19.768638885554818	0.8525781692357024	0.624867
203.0	50.0	2.228884540117417	1.9919654347338533	19.746337688064163	0.7139275647592581	0.6279600000000001
204.0	68.0	2.2349393346379647	1.9987380592543857	19.72412883480286	0.8307872100151058	0.631054
205.0	55.0	2.2409921722113504	2.0055039057335557	19.702026509630887	0.7455650746191859	0.634147
206.0	56.0	2.2470450097847356	2.0122652101545864	19.68002280026137	0.750705232866188	0.63724
207.0	45.0	2.2530998043052834	2.019024201974931	19.658109690817234	0.6715138122168613	0.640334
208.0	60.0	2.2591526418786696	2.0257765571028243	19.636300402845443	0.7737492053676508	0.643427
209.0	43.0	2.2652074363992174	2.0325266861515776	19.614579897049744	0.6536371739969016	0.646521
210.0	43.0	2.2712602739726027	2.0392702695145886	19.592961283989666	0.6522547985026481	0.649614
211.0	46.0	2.277313111545988	2.0460095327293244	19.57143660500692	0.673201099402467	0.652707
212.0	33.0	2.2833679060665366	2.0527466951513236	19.54999802939096	0.5689940414280156	0.6558010000000001
213.0	30.0	2.289420743639922	2.059477443772758	19.528658504828638	0.5413757624162069	0.658894
214.0	31.0	2.2954755381604697	2.066206172261882	19.507403328090206	0.5491720757726675	0.661988
215.0	25.0	2.301528375733855	2.072928571926229	19.486245340656527	0.4921410454808008	0.665081
216.0	34.0	2.3075812133072406	2.0796468584854777	19.465176766148293	0.5727344252430305	0.6681739999999999
217.0	27.0	2.313636007827789	2.086363241795951	19.444189949733858	0.509321394910919	0.671268
218.0	24.0	2.319688845401174	2.0930734195146217	19.423297577135312	0.479197346789427	0.674361
219.0	18.0	2.325743639921722	2.0997817692884992	19.402485263803076	0.4141386175483069	0.677455
220.0	20.0	2.3317964774951077	2.106483992927217	19.381765593957944	0.4356399379462397	0.680548
221.0	13.0	2.3378493150684934	2.1131822969082017	19.36113096357024	0.35050143417184415	0.6836409999999999
222.0	6.0	2.343904109589041	2.1198788821412404	19.340573884006353	0.2376299115893456	0.686735
223.0	6.0	2.3499569471624264	2.1265694565466116	19.32010679072825	0.2371433540879272	0.689828
224.0	6.0	2.3560117416829747	2.1332583826034868	19.299715601245772	0.23665883375864333	0.692922
225.0	9.0	2.3620645792563604	2.139941372229045	19.27941265414914	0.28925614110089404	0.6960149999999999
226.0	9.0	2.3681174168297456	2.14662062318715	19.259190508338655	0.2886682425747202	0.699108
227.0	10.0	2.3741722113502934	2.1532983279489963	19.23904183218461	0.30366592607237186	0.702202
228.0	6.0	2.3802250489236787	2.1599702043138764	19.218978822407266	0.2347428914908179	0.705295
229.0	6.0	2.386279843444227	2.1666406003830456	19.198987682645456	0.2342691422133692	0.708389
230.0	3.0	2.3923326810176127	2.1733052378036817	19.179080517304318	0.16531991109745495	0.711482
231.0	6.0	2.398385518590998	2.1799663061127825	19.159250039251276	0.2333282798386347	0.7145750000000001
232.0	2.0	2.4044403131115457	2.186625989810774	19.139489065102655	0.13444226700606215	0.717669
233.0	0.0	2.4104931506849314	2.1932800162083654	19.11980956417489	0.0	0.7207619999999999
234.0	4.0	2.4165479452054797	2.1999327197614083	19.100198010929386	0.18937194718161984	0.7238559999999999
235.0	6.0	2.422600782778865	2.2065798314859966	19.080666382404765	0.23147122119914204	0.726949
236.0	3.0	2.4286536203522506	2.2132235331412176	19.061208025823355	0.16335026282681955	0.7300420000000001
237.0	2.0	2.4347084148727984	2.2198660016884837	19.041816487357128	0.1331109715793293	0.733136
238.0	0.0	2.440761252446184	2.2265029735984334	19.02250410608643	0.0	0.736229
239.0	0.0	2.446816046966732	2.233138770362	19.003258200596672	0.0	0.739323
240.0	2.0	2.452868884540117	2.2397691320189854	18.98409102042953	0.13232617529999066	0.7424160000000001
241.0	2.0	2.458921722113503	2.2463962329655103	18.964996144495114	0.13206687906110987	0.745509
242.0	1.0	2.4649765166340507	2.2530222430232105	18.945967247428236	0.09320277061643206	0.7486029999999999
243.0	0.0	2.4710293542074364	2.259642907486672	18.927016445122657	0.0	0.751696
244.0	0.0	2.477084148727984	2.266262535515125	18.908131301024124	0.0	0.75479
245.0	1.0	2.48313698630137	2.272876875842123	18.889323842349633	0.09265974806861019	0.7578830000000001
246.0	0.0	2.4891898238747556	2.2794880958850468	18.870587775461594	0.0	0.760976
247.0	1.0	2.4952446183953034	2.2860983586956016	18.851916901098836	0.0923015754900781	0.76407
248.0	0.0	2.5012974559686887	2.2927034180712154	18.833323114096206	0.0	0.767163
249.0	0.0	2.5073522504892365	2.29930757142959	18.81479421896729	0.0	0.770257
250.0	2.0	2.5134050880626226	2.3059065758827004	18.796342022696447	0.12978241116299594	0.77335
251.0	1.0	2.519457925636008	2.312502592225595	18.77796035682273	0.09159434913678095	0.776443
252.0	0.0	2.5255127201565557	2.3190977770832704	18.759643145994893	0.0	0.779537
253.0	0.0	2.531565557729941	2.3256878924491367	18.741402066028495	0.0	0.78263
254.0	0.0	2.5376203522504897	2.3322772245502676	18.723225158955472	0.0	0.7857240000000001
255.0	0.0	2.543673189823875	2.338861538575716	18.70512401353298	0.0	0.788817
256.0	0.0	2.54972602739726	2.3454429890293675	18.687092584357252	0.0	0.79191
257.0	0.0	2.555780821917808	2.352023726428555	18.669124917942472	0.0	0.795004
258.0	2.0	2.5618336594911937	2.358599520669425	18.651232473040313	0.12782338159762674	0.798097
259.0	0.0	2.567888454011742	2.365174647303411	18.633403525873707	0.0	0.801191
260.0	1.0	2.573941291585127	2.371744879308673	18.615649448895386	0.09004555245880205	0.804284
261.0	0.0	2.5799941291585125	2.378312365206133	18.597964317781383	0.0	0.8073769999999999
262.0	0.0	2.5860489236790607	2.3848792497025144	18.58034229900288	0.0	0.810471
263.0	0.0	2.5921017612524464	2.391441310316445	18.56279463612268	0.0	0.813564
264.0	1.0	2.598156555772994	2.398002812405813	18.54530983643091	0.08937532553861116	0.816658
265.0	0.0	2.6042093933463795	2.404559536462659	18.527898974961705	0.0	0.819751
266.0	0.0	2.610262230919765	2.4111136253122187	18.510555294162895	0.0	0.822844
267.0	3.0	2.6163170254403134	2.4176672181276	18.4932716076534	0.15394421945150952	0.825938
268.0	0.0	2.6223698630136987	2.4242160997820483	18.4760574747933	0.0	0.829031
269.0	1.0	2.6284246575342465	2.430764525891807	18.45890015575156	0.08855264891026077	0.832125
270.0	1.0	2.6344774951076317	2.4373082841997196	18.441809137968754	0.08839012447799678	0.835218
271.0	0.0	2.640530332681018	2.4438495121035024	18.424777268045553	0.0	0.838311
272.0	0.0	2.6465851272015657	2.450390343501322	18.407797473792563	0.0	0.841405
273.0	3.0	2.652637964774951	2.456926570364974	18.390879142025618	0.1522584488923657	0.8444980000000001
274.0	1.0	2.6586927592954988	2.463462438993197	18.37400974774886	0.08774651484372843	0.847592
275.0	1.0	2.6647455968688845	2.4699937441281317	18.357198615502572	0.08758728074368416	0.8506849999999999
276.0	1.0	2.67079843444227	2.476522617990654	18.340438709115123	0.08742870125864423	0.853778
277.0	0.0	2.676853228962818	2.4830511894458933	18.32372306305465	0.0	0.856872
278.0	1.0	2.6829060665362037	2.4895752573193612	18.307060915633667	0.08711345110721956	0.859965
279.0	1.0	2.6889608610567515	2.496099058990862	18.29043992945242	0.08695677876849157	0.863059
280.0	0.0	2.695013698630137	2.502618395961336	18.27386929010192	0.0	0.866152
281.0	0.0	2.7010665362035224	2.509135395509476	18.25734206428305	0.0	0.869245
282.0	0.0	2.7071213307240702	2.5156521816938966	18.240851378935222	0.0	0.8723390000000001
283.0	1.0	2.713174168297456	2.522164559959677	18.224406347687093	0.08633673706904825	0.875432
284.0	2.0	2.7192289628180037	2.52867675914267	18.20799479398622	0.12188160377603525	0.8785259999999999
285.0	0.0	2.7252818003913895	2.535184587272598	18.19162578820827	0.0	0.881619
286.0	0.0	2.7313346379647747	2.541690166905905	18.175292485877478	0.0	0.8847119999999999
287.0	0.0	2.737389432485323	2.548195617507086	18.15898809251206	0.0	0.8878060000000001
288.0	0.0	2.7434422700587087	2.554696750916805	18.142721620665647	0.0	0.890899
289.0	3.0	2.7494970645792565	2.5611977877801526	18.126481028337192	0.14796214430382643	0.893993
290.0	0.0	2.7555499021526417	2.5676945424355746	18.110275294214542	0.0	0.897086
291.0	0.0	2.7616027397260274	2.5741891329236672	18.094097648877558	0.0	0.900179
292.0	0.0	2.7676575342465757	2.580683674314199	18.07794136280104	0.0	0.903273
293.0	0.0	2.773710371819961	2.587173984629102	18.06181537087212	0.0	0.906366
294.0	0.0	2.7797651663405087	2.593664276655727	18.045707739764328	0.0	0.90946
295.0	0.0	2.785818003913894	2.600150370830655	18.029627379815413	0.0	0.912553
296.0	0.0	2.7918708414872797	2.6066343808725634	18.013568142421658	0.0	0.915646
297.0	0.0	2.797925636007828	2.6131184176439093	17.99752599573065	0.0	0.91874
298.0	0.0	2.803978473581213	2.619598305142762	17.981512943749244	0.0	0.921833
299.0	0.0	2.810033268101761	2.626078248613065	17.96552026432264	0.0	0.924927
300.0	0.0	2.8160861056751467	2.6325540743879534	17.949559924235764	0.0	0.92802
301.0	0.0	2.8221389432485324	2.639027892046604	17.933628376248095	0.0	0.9311130000000001
302.0	2.0	2.8281937377690802	2.6455018084205197	17.9177221078184	0.11813115309020367	0.934207
303.0	0.0	2.8342465753424655	2.651971653287511	17.901853022260106	0.0	0.9372999999999999
304.0	0.0	2.8403013698630137	2.658441624645106	17.886012477812077	0.0	0.940394
305.0	2.0	2.8463542074363994	2.664907554529968	17.870212330389382	0.11753337241674265	0.943487
306.0	0.0	2.8524070450097847	2.671371548553561	17.854449068248325	0.0	0.9465800000000001
307.0	0.0	2.8584618395303325	2.677835709682566	17.83871922497136	0.0	0.949674
308.0	0.0	2.864514677103718	2.6842958732864415	17.82303457777918	0.0	0.952767
309.0	0.0	2.8705694716242665	2.690756230397176	17.80738659227251	0.0	0.955861
310.0	1.0	2.8766223091976517	2.6972126185700733	17.79178698815121	0.08241521019209626	0.958954
311.0	0.0	2.882675146771037	2.7036671396108325	17.776232303016112	0.0	0.962047
312.0	0.0	2.888729941291585	2.7101218927779764	17.760719130331996	0.0	0.9651409999999999
313.0	0.0	2.894782778864971	2.716572718852415	17.745259095960375	0.0	0.968234
314.0	0.0	2.9008375733855187	2.7230238021664785	17.729843799578866	0.0	0.971328
315.0	0.0	2.906890410958904	2.7294709856169614	17.71448479945698	0.0	0.9744210000000001
316.0	0.0	2.9129432485322897	2.735916367356621	17.69917869623368	0.0	0.977514
317.0	1.0	2.9189980430528375	2.742362043083716	17.68392215686644	0.08146609492493508	0.9806079999999999
318.0	0.0	2.925050880626223	2.748803858817912	17.668726630717533	0.0	0.983701
319.0	2.0	2.931105675146771	2.7552459924437978	17.653583878020587	0.11483309728526764	0.986795
320.0	0.0	2.9371585127201567	2.7616842920298623	17.638505270523527	0.0	0.989888
321.0	0.0	2.943211350293542	2.768120852220281	17.623487485454046	0.0	0.992981
322.0	0.0	2.94926614481409	2.774557765292798	17.608527276735067	0.0	0.996075
323.0	0.0	2.9553189823874755	2.780990882340275	17.593635892209694	0.0	0.9991680000000001
324.0	0.0	2.9613737769080233	2.7874243750384493	17.578805278926847	0.0	1.002262
325.0	1.0	2.967426614481409	2.793854096464702	17.56404659713926	0.08040956676235168	1.005355
326.0	1.0	2.9734794520547947	2.8002821378911236	17.549356614041073	0.08027946298754401	1.008448
327.0	0.0	2.9795342465753425	2.806710588307119	17.534731644275983	0.0	1.011542
328.0	0.0	2.9855870841487278	2.8131353037199798	17.520180280658774	0.0	1.014635
329.0	1.0	2.991641878669276	2.8195604498233116	17.505691840435944	0.07989153330046354	1.017729
330.0	1.0	2.9976947162426617	2.8259818845472404	17.49127441867448	0.07976307177649254	1.020822
331.0	0.0	3.003747553816047	2.8324016959209524	17.476922054173524	0.0	1.023915
332.0	1.0	3.0098023483365948	2.838821969770644	17.46262887235527	0.07950733766941005	1.027009
333.0	0.0	3.0158551859099805	2.8452385668657247	17.448402849511105	0.0	1.030102
334.0	0.0	3.0219099804305283	2.851655647133019	17.434233525670017	0.0	1.033196
335.0	0.0	3.027962818003914	2.8580690732055802	17.4201288018754	0.0	1.036289
336.0	1.0	3.0340156555772997	2.8644809299920557	17.406082833197246	0.07900083100023911	1.039382
337.0	1.0	3.0400704500978475	2.8708933002739982	17.39208985303433	0.07887519878439306	1.0424760000000002
338.0	0.0	3.0461232876712327	2.8773020494367634	17.378157655450988	0.0	1.045569
339.0	0.0	3.052178082191781	2.88371133184511	17.364275982162678	0.0	1.048663
340.0	1.0	3.0582309197651667	2.890117014691221	17.350452559822404	0.07850084318174794	1.0517560000000001
341.0	0.0	3.0642837573385515	2.8965211798792136	17.336681648895155	0.0	1.054849
342.0	0.0	3.0703385518590998	2.9029259072584397	17.322957579966	0.0	1.057943
343.0	0.0	3.0763913894324855	2.9093270666898796	17.309287984422177	0.0	1.061036
344.0	1.0	3.0824461839530333	2.915728807170965	17.295662784808858	0.07800741604376117	1.06413
345.0	0.0	3.0884990215264185	2.9221270003149495	17.28208955288442	0.0	1.067223
346.0	0.0	3.0945518590998042	2.9285237251314964	17.26856264377541	0.0	1.070316
347.0	0.0	3.1006066536203525	2.9349210586444743	17.255076474600262	0.0	1.07341
348.0	0.0	3.1066594911937377	2.9413148750557347	17.24163853348558	0.0	1.076503
349.0	1.0	3.1127142857142855	2.947709318180779	17.228238903173843	0.07739988196735599	1.079597
350.0	0.0	3.1187671232876713	2.9541002639213274	17.21488501989372	0.0	1.0826900000000002
351.0	1.0	3.1248199608610565	2.960489788497115	17.20157132283299	0.07715977269682721	1.085783
352.0	1.0	3.1308747553816048	2.9668799662079057	17.188292305118857	0.07704029547706985	1.0888769999999999
353.0	1.0	3.1369275929549905	2.973266675466967	17.175055330906762	0.07692126773595886	1.09197
354.0	0.0	3.1429823874755383	2.9796540550844886	17.161850622714535	0.0	1.095064
355.0	0.0	3.1490352250489235	2.986037985123251	17.148685500481502	0.0	1.0981569999999998
356.0	0.0	3.1550880626223092	2.9924205391124086	17.135554476980868	0.0	1.10125
357.0	0.0	3.161142857142857	2.9988037887239813	17.122452110944163	0.0	1.104344
358.0	0.0	3.1671956947162423	3.005183616458252	17.10938576285423	0.0	1.107437
359.0	0.0	3.1732504892367905	3.0115641562884776	17.096346594245574	0.0	1.110531
360.0	1.0	3.1793033268101762	3.0179412923160474	17.083342955891002	0.07609946537139901	1.113624
361.0	0.0	3.185356164383562	3.024317095474011	17.07037055209572	0.0	1.1167170000000002
362.0	1.0	3.1914109589041093	3.0306936348983293	17.057425127917693	0.07586833115191739	1.119811
363.0	4.0	3.197463796477495	3.0370667970567053	17.044514975841516	0.15150676883708356	1.122904
364.0	0.0	3.2035185909980433	3.0434407112460873	17.031631672603584	0.0	1.125998
365.0	0.0	3.2095714285714285	3.0498112654887417	17.018783471224452	0.0	1.1290909999999998
366.0	0.0	3.2156242661448142	3.056180528211541	17.00596612818571	0.0	1.132184
367.0	0.0	3.221679060665362	3.0625505661016685	16.993175440216127	0.0	1.135278
368.0	0.0	3.2277318982387477	3.0689172694792393	16.980419601477994	0.0	1.138371
369.0	0.0	3.2337866927592955	3.0752847631182227	16.967690290173323	0.0	1.141465
370.0	0.0	3.239839530332681	3.0816489388485326	16.95499566144464	0.0	1.144558
371.0	0.0	3.2458923679060665	3.0880118626765105	16.942331523250402	0.0	1.147651
372.0	0.0	3.2519471624266143	3.0943755989237163	16.9296937233027	0.0	1.150745
373.0	0.0	3.258	3.100736041652046	16.917090358545984	0.0	1.153838
374.0	0.0	3.264054794520548	3.1070973112589466	16.90451320736942	0.0	1.156932
375.0	0.0	3.2701076320939335	3.113455303273036	16.891970328133738	0.0	1.160025
376.0	0.0	3.2761604696673188	3.1198120813617582	16.879457579594206	0.0	1.1631179999999999
377.0	1.0	3.282215264187867	3.1261697075603285	16.866970859777634	0.07418470803932095	1.166212
378.0	1.0	3.2882681017612527	3.132524079565958	16.854518169494817	0.07407550307826828	1.169305
379.0	0.0	3.2943228962818	3.1388793135395483	16.842091386075083	0.0	1.172399
380.0	1.0	3.300375733855186	3.145231308603575	16.82969847217375	0.07385815373339451	1.175492
381.0	0.0	3.3064285714285715	3.151582126164442	16.817335336681147	0.0	1.178585
382.0	1.0	3.3124833659491197	3.157933826046646	16.804997927287918	0.07364225224011038	1.1816790000000001
383.0	0.0	3.3185362035225046	3.164282309480233	16.792694149736075	0.0	1.184772
384.0	0.0	3.324590998043053	3.1706316885234247	16.78041597907782	0.0	1.187866
385.0	0.0	3.3306438356164385	3.176977865791605	16.768171283320417	0.0	1.190959
386.0	0.0	3.3366966731898238	3.1833229005044457	16.755956020844835	0.0	1.194052
387.0	1.0	3.3427514677103716	3.1896688503479234	16.743766188371318	0.07310874628546017	1.197146
388.0	0.0	3.3488043052837573	3.1960116199862334	16.7316095976195	0.0	1.200239
389.0	1.0	3.3548590998043055	3.2023553175030024	16.719478320175227	0.07289778856770611	1.203333
390.0	0.0	3.360911937377691	3.208695848909314	16.707380130436995	0.0	1.206426
391.0	0.0	3.3669647749510765	3.2150352713090653	16.695311035648174	0.0	1.209519
392.0	1.0	3.3730195694716243	3.2213756403186733	16.683267080940123	0.07258394819650213	1.2126130000000002
393.0	1.0	3.3790724070450096	3.227712863941425	16.6712559850389	0.07248002625395475	1.215706
394.0	0.0	3.385127201565558	3.2340510464089873	16.659269914901234	0.0	1.2187999999999999
395.0	0.0	3.3911800391389435	3.2403860970344884	16.647316552338843	0.0	1.2218930000000001
396.0	0.0	3.3972328767123288	3.246720070873854	16.63539195284463	0.0	1.2249860000000001
397.0	1.0	3.4032876712328766	3.2530550215398595	16.62349220935733	0.07206762456694743	1.2280799999999998
398.0	1.0	3.4093405088062623	3.259386860283287	16.61162494862144	0.07196537002081532	1.231173
399.0	0.0	3.41539530332681	3.2657196876013153	16.599782431826878	0.0	1.234267
400.0	0.0	3.4214481409001953	3.272049416018866	16.58797224920407	0.0	1.2373599999999998
401.0	0.0	3.427500978473581	3.2783780986087243	16.576190503896978	0.0	1.240453
402.0	1.0	3.4335557729941293	3.284707787043059	16.564433336062002	0.07155955019620726	1.243547
403.0	0.0	3.439608610567515	3.2910343957318635	16.55270828145799	0.0	1.2466400000000002
404.0	0.0	3.4456634050880623	3.297362021550418	16.54100769439408	0.0	1.249734
405.0	0.0	3.451716242661448	3.3036865801484354	16.529339074509075	0.0	1.252827
406.0	0.0	3.4577690802348338	3.31001012267758	16.517698572013238	0.0	1.2559200000000001
407.0	0.0	3.4638238747553816	3.3163346989297366	16.50608237370408	0.0	1.2590139999999999
408.0	1.0	3.4698767123287673	3.3226562263889856	16.494497925335327	0.07096045727682694	1.2621069999999999
409.0	0.0	3.475931506849315	3.3289787984166783	16.482937673243864	0.0	1.265201
410.0	0.0	3.4819843444227008	3.3352983337034163	16.471409027451475	0.0	1.268294
411.0	0.0	3.488037181996086	3.3416168815391143	16.459908184662787	0.0	1.271387
412.0	0.0	3.494091976516634	3.3479364898931276	16.448431377752357	0.0	1.274481
413.0	0.0	3.5001448140900195	3.3542530792415257	16.436985963434683	0.0	1.277574
414.0	0.0	3.5061996086105673	3.360570739535309	16.425564479004148	0.0	1.280668
415.0	0.0	3.512252446183953	3.3668853924250466	16.41417424582571	0.0	1.283761
416.0	0.0	3.5183052837573388	3.3731990853957625	16.402811506538626	0.0	1.286854
417.0	0.0	3.5243600782778866	3.3795138646496055	16.391472539542217	0.0	1.289948
418.0	0.0	3.530412915851272	3.385825653575429	16.38016461346359	0.0	1.2930409999999999
419.0	0.0	3.53646771037182	3.392138538813311	16.368880355504583	0.0	1.296135
420.0	0.0	3.5425205479452058	3.3984484448957	16.357626999319702	0.0	1.299228
421.0	0.0	3.548573385518591	3.4047574175572146	16.346400832934663	0.0	1.3023209999999998
422.0	0.0	3.554628180039139	3.4110675012858307	16.335198179732398	0.0	1.305415
423.0	0.0	3.5606810176125245	3.4173746223067445	16.32402622119102	0.0	1.308508
424.0	0.0	3.566735812133073	3.4236828640445904	16.31287767338894	0.0	1.3116020000000002
425.0	0.0	3.5727886497064576	3.4299881538383326	16.301759683203407	0.0	1.314695
426.0	0.0	3.5788414872798433	3.436292535724425	16.290668583509287	0.0	1.317788
427.0	0.0	3.5848962818003915	3.44259805252752	16.279600742142573	0.0	1.3208820000000001
428.0	0.0	3.590949119373777	3.448900633235365	16.26856325435793	0.0	1.323975
429.0	0.0	3.5970039138943246	3.4552043581488907	16.25754892409764	0.0	1.327069
430.0	1.0	3.6030567514677103	3.4615051573408135	16.24656481238224	0.06885700418179677	1.330162
431.0	0.0	3.609109589041096	3.4678050731995285	16.235607296408784	0.0	1.333255
432.0	0.0	3.615164383561644	3.4741061469351564	16.224672787945813	0.0	1.336349
433.0	0.0	3.6212172211350295	3.4804043102267452	16.213768296937733	0.0	1.339442
434.0	0.0	3.6272720156555773	3.486703640339694	16.202886714195305	0.0	1.342536
435.0	0.0	3.6333248532289626	3.4930000700102	16.192035015790786	0.0	1.345629
436.0	0.0	3.6393776908023483	3.4992956400266944	16.181209622726293	0.0	1.348722
437.0	0.0	3.6454324853228965	3.5055923900316004	16.170406981386844	0.0	1.3518160000000001
438.0	1.0	3.651485322896282	3.5118862543264355	16.15963395918114	0.06812628093258838	1.3549090000000001
439.0	0.0	3.6575401174168296	3.518181307225868	16.148883457459593	0.0	1.3580029999999998
440.0	0.0	3.6635929549902153	3.5244734840616885	16.138162293158338	0.0	1.361096
441.0	0.0	3.669645792563601	3.5307648240685388	16.127466855387624	0.0	1.364189
442.0	0.0	3.6757005870841484	3.537057365366125	16.116793566748733	0.0	1.3672829999999998
443.0	0.0	3.681753424657534	3.543347044811936	16.106149194919027	0.0	1.370376
444.0	0.0	3.6878082191780823	3.549637933851482	16.095526725507913	0.0	1.37347
445.0	0.0	3.693861056751468	3.5559259703465527	16.08493289376785	0.0	1.3765630000000002
446.0	0.0	3.6999138943248533	3.5622131920223556	16.074364131364277	0.0	1.379656
447.0	0.0	3.705968688845401	3.5685016355191013	16.06381690259387	0.0	1.38275
448.0	0.0	3.712021526418787	3.5747872401859753	16.053297894695955	0.0	1.3858430000000002
449.0	0.0	3.7180763209393346	3.581074074677844	16.04280017538246	0.0	1.3889369999999999
450.0	0.0	3.7241291585127203	3.5873580793230917	16.032330400295404	0.0	1.3920299999999999
451.0	0.0	3.7301819960861056	3.593641290380124	16.021885042545854	0.0	1.3951230000000001
452.0	0.0	3.736236790606654	3.5999257430511964	16.011460607023597	0.0	1.398217
453.0	0.0	3.742289628180039	3.606207379115058	16.001063702594685	0.0	1.40131
454.0	0.0	3.748344422700587	3.6124902645115315	15.990687476918934	0.0	1.404404
455.0	0.0	3.7543972602739726	3.618770341974289	15.98033850808716	0.0	1.407497
456.0	0.0	3.760450097847358	3.625049646335923	15.97001330955747	0.0	1.41059
457.0	0.0	3.766504892367906	3.6313302114006887	15.959708425721054	0.0	1.413684
458.0	0.0	3.772557729941292	3.637607981316815	15.9494303891218	0.0	1.416777
459.0	1.0	3.7786125244618396	3.643887019381896	15.93917242523134	0.06628797557082416	1.419871
460.0	0.0	3.784665362035225	3.6501632706756038	15.92894103663506	0.0	1.422964
461.0	0.0	3.7907181996086106	3.6564387686441497	15.918732776049916	0.0	1.426057
462.0	0.0	3.796772994129159	3.6627155457322234	15.908544226286942	0.0	1.429151
463.0	0.0	3.802825831702544	3.668989548399415	15.898381845605808	0.0	1.4322439999999999
464.0	0.0	3.808880626223092	3.6752648373712624	15.888238935171579	0.0	1.435338
465.0	0.0	3.8149334637964776	3.6815373600160832	15.8781219240971	0.0	1.438431
466.0	0.0	3.820986301369863	3.687809148431646	15.868027403279884	0.0	1.4415239999999998
467.0	0.0	3.8270410958904106	3.694082233740077	15.857951992878863	0.0	1.444618
468.0	0.0	3.8330939334637963	3.7003525646560975	15.84790207889485	0.0	1.447711
469.0	0.0	3.8391487279843446	3.7066241994008258	15.837871036084842	0.0	1.4508050000000001
470.0	0.0	3.84520156555773	3.7128930875757273	15.82786522210961	0.0	1.453898
471.0	0.0	3.8512544031311156	3.7191612599666612	15.817881264978412	0.0	1.456991
472.0	0.0	3.8573091976516634	3.725430746408812	15.807915821135236	0.0	1.460085
473.0	0.0	3.863362035225049	3.731697497817613	15.797975206335368	0.0	1.463178
474.0	0.0	3.869416829745597	3.7379655699749916	15.788052866842289	0.0	1.466272
475.0	0.0	3.8754696673189826	3.744230914661849	15.778155090873305	0.0	1.469365
476.0	0.0	3.8815225048923683	3.7504955613873117	15.768278542489567	0.0	1.472458
477.0	0.0	3.8875772994129156	3.7567615387339424	15.758419913366033	0.0	1.475552
478.0	0.0	3.8936301369863013	3.7630247997652053	15.748585451014172	0.0	1.478645
479.0	0.0	3.8996849315068496	3.7692893978867663	15.73876867113386	0.0	1.4817390000000001
480.0	0.0	3.905737769080235	3.7755512870069516	15.728975794496142	0.0	1.4848320000000002
481.0	0.0	3.91179060665362	3.781812495392057	15.719203520162775	0.0	1.487925
482.0	0.0	3.9178454011741684	3.7880750504050975	15.709448573993921	0.0	1.491019
483.0	0.0	3.923898238747554	3.794334907206552	15.699717137247777	0.0	1.494112
484.0	0.0	3.9299530332681014	3.800596116886554	15.690002793005235	0.0	1.4972059999999998
485.0	0.0	3.936005870841487	3.8068546354304957	15.680311696577292	0.0	1.500299
486.0	0.0	3.942058708414873	3.8131124898945132	15.670640580983202	0.0	1.503392
487.0	0.0	3.948113502935421	3.8193717064539556	15.660986205230492	0.0	1.5064860000000002
488.0	0.0	3.9541663405088063	3.8256282423169146	15.65135468630395	0.0	1.509579
489.0	0.0	3.960221135029354	3.8318861463166134	15.64173967262409	0.0	1.512673
490.0	0.0	3.96627397260274	3.8381413764667296	15.632147256017562	0.0	1.5157660000000002
491.0	0.0	3.972326810176125	3.8443959586447427	15.622574202425813	0.0	1.518859
492.0	0.0	3.9783816046966733	3.850651917869087	15.61301730297345	0.0	1.521953
493.0	0.0	3.9844344422700586	3.856905213347602	15.603482612341407	0.0	1.5250460000000001
494.0	0.0	3.990489236790607	3.8631598917132175	15.593963842261878	0.0	1.52814
495.0	0.0	3.996542074363992	3.8694119129606297	15.58446702304272	0.0	1.5312329999999998
496.0	0.0	4.002594911937377	3.875663301819055	15.574988952519696	0.0	1.534326
497.0	0.0	4.008649706457925	3.8819160821796768	15.565526452911442	0.0	1.53742
498.0	0.0	4.01470254403131	3.8881662152037015	15.55608551855472	0.0	1.540513
499.0	0.0	4.020757338551859	3.8944177453784574	15.546659922478266	0.0	1.543607
500.0	0.0	4.026810176125245	3.900666634633858	15.537255635426972	0.0	1.5467
501.0	0.0	4.0328630136986305	3.906914906580178	15.527869486110127	0.0	1.549793
502.0	0.0	4.038917808219178	3.913164584009982	15.518498326824282	0.0	1.552887
503.0	0.0	4.044970645792564	3.9194116299928883	15.509148093512184	0.0	1.55598
504.0	0.0	4.051025440313111	3.9256600869234766	15.499812618496238	0.0	1.559074
505.0	0.0	4.057078277886497	3.9319059186224763	15.490497814904831	0.0	1.5621669999999999
506.0	0.0	4.063131115459882	3.9381511476095308	15.481200541306817	0.0	1.56526
507.0	0.0	4.069185909980431	3.944397795606227	15.47191767906709	0.0	1.568354
508.0	0.0	4.075238747553816	3.950641827547012	15.462655107675406	0.0	1.5714469999999998
509.0	0.0	4.081293542074364	3.956887283784807	15.453406716756726	0.0	1.574541
510.0	0.0	4.08734637964775	3.963130129988109	15.444178363760393	0.0	1.577634
511.0	0.0	4.093399217221135	3.969372387613261	15.43496693610733	0.0	1.580727
