# Channel	Counts	Error	Energy (keV)
0	0	0.0000	0.000
1	2	1.4142	3.093
2	229	19.4679	6.187
3	6193	114.3984	9.280
4	6841	126.4397	12.374
5	6118	117.4308	15.467
6	5875	110.6119	18.560
7	6203	108.0417	21.654
8	6974	109.9182	24.747
9	7351	108.1157	27.841
10	7844	107.7033	30.934
11	8673	110.0682	34.027
12	9406	112.8184	37.121
13	9817	113.2034	40.214
14	10141	113.1327	43.308
15	10126	113.1813	46.401
16	11032	116.1723	49.494
17	10823	113.7585	52.588
18	9744	108.9679	55.681
19	9337	105.3992	58.775
20	8181	99.8048	61.868
21	7281	93.9734	64.961
22	6215	88.1646	68.055
23	5854	85.4517	71.148
24	5702	84.3801	74.242
25	5586	83.3906	77.335
26	5574	82.5227	80.428
27	5828	83.6899	83.522
28	6464	87.3728	86.615
29	7111	90.3493	89.709
30	7730	93.8190	92.802
31	8309	96.8969	95.895
32	9320	101.6268	98.989
33	9197	100.9901	102.082
34	8075	94.6837	105.176
35	7907	93.5254	108.269
36	7000	88.3742	111.362
37	6141	83.0241	114.456
38	5054	76.3675	117.549
39	4237	70.6329	120.643
40	3630	65.9090	123.736
41	3056	60.9426	126.829
42	2639	57.3672	129.923
43	2316	53.9259	133.016
44	2376	54.0740	136.110
45	2145	51.7591	139.203
46	2131	51.4296	142.296
47	2056	51.3225	145.390
48	2216	52.1728	148.483
49	2168	50.8920	151.577
50	2023	49.7293	154.670
51	2077	49.7896	157.763
52	2030	48.9081	160.857
53	2032	49.0102	163.950
54	1990	48.1456	167.044
55	2047	48.5695	170.137
56	2189	50.1298	173.230
57	2102	49.1121	176.324
58	2070	48.6826	179.417
59	2048	48.3115	182.511
60	2155	49.1833	185.604
61	2145	48.2390	188.697
62	2130	48.3735	191.791
63	2154	48.3115	194.884
64	2135	48.3839	197.978
65	2056	47.0319	201.071
66	1949	46.4650	204.164
67	1986	46.6905	207.258
68	1896	45.2990	210.351
69	1880	45.0111	213.445
70	1807	44.0341	216.538
71	1892	44.6990	219.631
72	1875	44.4410	222.725
73	1798	43.8634	225.818
74	1741	42.7434	228.912
75	1805	43.3013	232.005
76	1737	42.8369	235.098
77	1678	41.7612	238.192
78	1651	41.5331	241.285
79	1713	42.2729	244.379
80	1738	42.4500	247.472
81	1643	41.2189	250.565
82	1595	40.9512	253.659
83	1553	40.2616	256.752
84	1646	41.2068	259.846
85	1562	40.1497	262.939
86	1632	40.9878	266.032
87	1619	40.7799	269.126
88	1650	41.0609	272.219
89	1627	40.8044	275.313
90	1573	40.0874	278.406
91	1540	39.6737	281.499
92	1572	40.0999	284.593
93	1581	40.2865	287.686
94	1482	38.8072	290.780
95	1565	39.8623	293.873
96	1728	41.8330	296.966
97	1674	41.2553	300.060
98	1479	38.7169	303.153
99	1480	38.8072	306.247
100	1482	38.8072	309.340
101	1393	37.5366	312.433
102	1415	37.8286	315.527
103	1362	37.0945	318.620
104	1443	38.1969	321.714
105	1395	37.4566	324.807
106	1240	35.3553	327.900
107	1281	35.9305	330.994
108	1279	36.0416	334.087
109	1274	35.7771	337.181
110	1251	35.5668	340.274
111	1223	35.1426	343.367
112	1241	35.3695	346.461
113	1202	34.8712	349.554
114	1244	35.4683	352.648
115	1186	34.5832	355.741
116	1214	34.9285	358.834
117	1118	33.4664	361.928
118	1112	33.4963	365.021
119	1084	33.1059	368.115
120	1118	33.5261	371.208
121	1102	33.4066	374.301
122	1050	32.5576	377.395
123	1043	32.3883	380.488
124	1092	33.1361	383.582
125	1065	32.8786	386.675
126	956	31.0805	389.768
127	961	31.1609	392.862
128	968	31.3369	395.955
129	967	31.2250	399.049
130	985	31.4484	402.142
131	927	30.6431	405.235
132	1017	32.1714	408.329
133	911	30.3150	411.422
134	943	30.7734	414.516
135	908	30.4631	417.609
136	975	31.4802	420.702
137	983	31.4484	423.796
138	908	30.2324	426.889
139	881	29.8831	429.983
140	850	29.4279	433.076
141	852	29.2916	436.169
142	900	30.1330	439.263
143	839	29.1033	442.356
144	813	28.6880	445.450
145	888	29.9666	448.543
146	824	28.9137	451.636
147	795	28.3373	454.730
148	864	29.5296	457.823
149	861	29.4109	460.917
150	848	29.2575	464.010
151	801	28.5132	467.103
152	832	28.9482	470.197
153	770	27.8927	473.290
154	775	28.0891	476.384
155	779	27.9821	479.477
156	769	27.8747	482.570
157	760	27.6043	485.664
158	740	27.3130	488.757
159	712	26.7955	491.851
160	778	28.0000	494.944
161	783	28.1957	498.037
162	719	26.9629	501.131
163	722	27.0555	504.224
164	723	27.0740	507.318
165	731	27.1477	510.411
166	669	26.0576	513.504
167	721	26.9629	516.598
168	685	26.3629	519.691
169	685	26.2869	522.785
170	668	25.9230	525.878
171	674	26.0384	528.971
172	668	25.9230	532.065
173	638	25.4165	535.158
174	666	25.9230	538.252
175	655	25.9037	541.345
176	705	26.7395	544.438
177	615	24.8797	547.532
178	614	24.9399	550.625
179	648	25.6125	553.719
180	594	24.4949	556.812
181	601	24.5967	559.905
182	616	24.9800	562.999
183	625	25.1992	566.092
184	599	24.6374	569.186
185	606	24.6171	572.279
186	524	23.1517	575.372
187	612	24.7386	578.466
188	578	24.2487	581.559
189	571	24.0624	584.653
190	518	22.8910	587.746
191	498	22.4054	590.839
192	545	23.5584	593.933
193	539	23.3024	597.026
194	518	22.9347	600.120
195	551	23.5160	603.213
196	511	22.7376	606.306
197	488	22.2261	609.400
198	549	23.4307	612.493
199	472	21.7715	615.587
200	511	22.7376	618.680
201	537	23.2164	621.773
202	474	21.8632	624.867
203	448	21.4009	627.960
204	484	22.0000	631.054
205	466	21.7715	634.147
206	434	21.1187	637.240
207	423	20.6155	640.334
208	514	22.8473	643.427
209	438	21.1660	646.521
210	409	20.3715	649.614
211	433	20.8567	652.707
212	447	21.2368	655.801
213	448	21.1660	658.894
214	411	20.3224	661.988
215	434	20.8806	665.081
216	458	21.4009	668.174
217	394	19.9499	671.268
218	399	19.9750	674.361
219	422	20.5913	677.455
220	431	20.7605	680.548
221	380	19.6977	683.641
222	371	19.3132	686.735
223	408	20.3961	689.828
224	389	19.9249	692.922
225	358	18.9737	696.015
226	410	20.3470	699.108
227	331	18.3030	702.202
228	397	20.0749	705.295
229	351	18.7883	708.389
230	324	18.1108	711.482
231	362	19.1311	714.575
232	355	18.8944	717.669
233	364	19.4422	720.762
234	345	18.5742	723.856
235	350	18.7083	726.949
236	339	18.5742	730.042
237	326	18.1659	733.136
238	344	18.8149	736.229
239	301	17.4069	739.323
240	360	19.0263	742.416
241	323	18.1384	745.509
242	279	16.7033	748.603
243	303	17.5214	751.696
244	324	18.1659	754.790
245	327	18.0831	757.883
246	310	17.8326	760.976
247	320	17.9444	764.070
248	308	17.7764	767.163
249	296	17.3781	770.257
250	288	17.0294	773.350
251	278	16.6733	776.443
252	304	17.6068	779.537
253	307	17.5784	782.630
254	264	16.2481	785.724
255	319	17.9722	788.817
256	258	16.0624	791.910
257	243	15.6525	795.004
258	254	16.0000	798.097
259	244	15.6844	801.191
260	274	16.7929	804.284
261	265	16.3401	807.377
262	251	16.0312	810.471
263	259	16.1555	813.564
264	279	16.7033	816.658
265	247	15.7162	819.751
266	244	15.7480	822.844
267	237	15.3948	825.938
268	238	15.5563	829.031
269	250	15.8114	832.125
270	256	16.0624	835.218
271	235	15.3948	838.311
272	261	16.2173	841.405
273	229	15.1327	844.498
274	226	15.0333	847.592
275	195	13.9642	850.685
276	222	14.8997	853.778
277	220	14.8997	856.872
278	209	14.5258	859.965
279	225	15.0000	863.059
280	209	14.5258	866.152
281	198	14.1421	869.245
282	205	14.5258	872.339
283	208	14.4222	875.432
284	216	14.6969	878.526
285	192	14.0712	881.619
286	200	14.2127	884.712
287	204	14.3527	887.806
288	201	14.3178	890.899
289	187	13.6748	893.993
290	196	14.1421	897.086
291	192	14.0000	900.179
292	177	13.3041	903.273
293	171	13.0767	906.366
294	156	12.5698	909.460
295	201	14.3178	912.553
296	214	14.6969	915.646
297	184	13.6382	918.740
298	171	13.1529	921.833
299	146	12.2474	924.927
300	174	13.2665	928.020
301	164	12.9615	931.113
302	167	12.9228	934.207
303	167	13.0000	937.300
304	170	13.0384	940.394
305	167	12.9228	943.487
306	152	12.3288	946.580
307	164	12.9615	949.674
308	163	13.0000	952.767
309	134	11.6619	955.861
310	165	12.8452	958.954
311	135	11.7047	962.047
312	143	12.2066	965.141
313	145	12.0416	968.234
314	156	12.5698	971.328
315	151	12.3693	974.421
316	147	12.1244	977.514
317	130	11.4018	980.608
318	120	11.2250	983.701
319	137	11.7047	986.795
320	143	12.0416	989.888
321	126	11.3137	992.981
322	111	10.6301	996.075
323	122	11.0454	999.168
324	119	10.9087	1002.262
325	128	11.3137	1005.355
326	131	11.4455	1008.448
327	120	10.9545	1011.542
328	119	10.9087	1014.635
329	107	10.3441	1017.729
330	99	9.9499	1020.822
331	109	10.4403	1023.915
332	121	11.0000	1027.009
333	132	11.4891	1030.102
334	82	9.0554	1033.196
335	112	10.5830	1036.289
336	105	10.2470	1039.382
337	82	9.0554	1042.476
338	93	9.7468	1045.569
339	88	9.3808	1048.663
340	83	9.1104	1051.756
341	72	8.4853	1054.849
342	88	9.4868	1057.943
343	112	10.5830	1061.036
344	85	9.2195	1064.130
345	94	9.6954	1067.223
346	85	9.2195	1070.316
347	93	9.8489	1073.410
348	68	8.3666	1076.503
349	94	9.6954	1079.597
350	73	8.6603	1082.690
351	82	9.0554	1085.783
352	81	9.0000	1088.877
353	78	8.8318	1091.970
354	91	9.5394	1095.064
355	82	9.0554	1098.157
356	67	8.3066	1101.250
357	78	8.9443	1104.344
358	82	9.1652	1107.437
359	73	8.6603	1110.531
360	70	8.3666	1113.624
361	65	8.0623	1116.717
362	79	8.8882	1119.811
363	86	9.2736	1122.904
364	61	7.9373	1125.998
365	81	9.0000	1129.091
366	70	8.4853	1132.184
367	92	9.5917	1135.278
368	63	7.9373	1138.371
369	77	8.8882	1141.465
370	62	8.0000	1144.558
371	72	8.4853	1147.651
372	66	8.1240	1150.745
373	57	7.6811	1153.838
374	56	7.4833	1156.932
375	58	7.6158	1160.025
376	52	7.2111	1163.118
377	70	8.4853	1166.212
378	46	6.7823	1169.305
379	66	8.1240	1172.399
380	37	6.0828	1175.492
381	53	7.4162	1178.585
382	58	7.6158	1181.679
383	53	7.2801	1184.772
384	59	7.8102	1187.866
385	61	7.9373	1190.959
386	51	7.1414	1194.052
387	50	7.0711	1197.146
388	46	6.7823	1200.239
389	38	6.1644	1203.333
390	34	5.8310	1206.426
391	37	6.0828	1209.519
392	50	7.0711	1212.613
393	48	6.9282	1215.706
394	37	6.0828	1218.800
395	37	6.2450	1221.893
396	41	6.4031	1224.986
397	43	6.5574	1228.080
398	43	6.5574	1231.173
399	51	7.1414	1234.267
400	41	6.4031	1237.360
401	29	5.3852	1240.453
402	23	4.7958	1243.547
403	29	5.5678	1246.640
404	25	5.0000	1249.734
405	29	5.3852	1252.827
406	28	5.2915	1255.920
407	24	4.8990	1259.014
408	32	5.6569	1262.107
409	50	7.0711	1265.201
410	33	5.7446	1268.294
411	36	6.0000	1271.387
412	33	5.7446	1274.481
413	30	5.4772	1277.574
414	28	5.2915	1280.668
415	23	4.7958	1283.761
416	14	3.7417	1286.854
417	25	5.0000	1289.948
418	19	4.3589	1293.041
419	29	5.3852	1296.135
420	19	4.3589	1299.228
421	28	5.2915	1302.321
422	24	4.8990	1305.415
423	24	4.8990	1308.508
424	17	4.1231	1311.602
425	24	4.8990	1314.695
426	20	4.4721	1317.788
427	18	4.2426	1320.882
428	15	3.8730	1323.975
429	22	4.6904	1327.069
430	19	4.3589	1330.162
431	22	4.6904	1333.255
432	17	4.1231	1336.349
433	17	4.1231	1339.442
434	17	4.1231	1342.536
435	10	3.1623	1345.629
436	10	3.1623	1348.722
437	16	4.0000	1351.816
438	16	4.0000	1354.909
439	15	3.8730	1358.003
440	12	3.4641	1361.096
441	6	2.4495	1364.189
442	13	3.6056	1367.283
443	13	3.6056	1370.376
444	13	3.6056	1373.470
445	13	3.6056	1376.563
446	11	3.3166	1379.656
447	5	2.2361	1382.750
448	9	3.0000	1385.843
449	8	2.8284	1388.937
450	7	2.6458	1392.030
451	12	3.4641	1395.123
452	5	2.2361	1398.217
453	9	3.3166	1401.310
454	10	3.1623	1404.404
455	8	2.8284	1407.497
456	7	2.6458	1410.590
457	7	2.6458	1413.684
458	5	2.2361	1416.777
459	5	2.6458	1419.871
460	7	2.6458	1422.964
461	6	2.4495	1426.057
462	7	3.0000	1429.151
463	10	3.1623	1432.244
464	4	2.4495	1435.338
465	6	2.4495	1438.431
466	8	2.8284	1441.524
467	3	1.7321	1444.618
468	6	2.4495	1447.711
469	7	2.6458	1450.805
470	6	2.4495	1453.898
471	7	2.6458	1456.991
472	3	1.7321	1460.085
473	7	2.6458	1463.178
474	5	2.2361	1466.272
475	5	2.2361	1469.365
476	4	2.0000	1472.458
477	8	2.8284	1475.552
478	6	2.8284	1478.645
479	2	1.4142	1481.739
480	6	2.4495	1484.832
481	8	2.8284	1487.925
482	2	1.4142	1491.019
483	5	2.2361	1494.112
484	2	1.4142	1497.206
485	5	2.2361	1500.299
486	5	2.2361	1503.392
487	0	0.0000	1506.486
488	1	1.0000	1509.579
489	4	2.0000	1512.673
490	2	1.4142	1515.766
491	5	2.2361	1518.859
492	1	1.0000	1521.953
493	2	1.4142	1525.046
494	2	1.4142	1528.140
495	3	1.7321	1531.233
496	1	1.0000	1534.326
497	5	2.2361	1537.420
498	3	1.7321	1540.513
499	0	0.0000	1543.607
500	4	2.0000	1546.700
501	0	0.0000	1549.793
502	0	1.0000	1552.887
503	1	1.0000	1555.980
504	1	1.0000	1559.074
505	1	1.0000	1562.167
506	1	1.0000	1565.260
507	0	0.0000	1568.354
508	1	1.0000	1571.447
509	1	1.0000	1574.541
510	1	1.0000	1577.634
511	2	2.4495	1580.727
