# Channel Number	Net Counts	Error
0	0	0.0000
1	2	1.4142
2	229	19.4679
3	6193	114.3984
4	6841	126.4397
5	6118	117.4308
6	5875	110.6119
7	6203	108.0417
8	6974	109.9182
9	7351	108.1157
10	7844	107.7033
11	8673	110.0682
12	9406	112.8184
13	9817	113.2034
14	10141	113.1327
15	10126	113.1813
16	11032	116.1723
17	10823	113.7585
18	9744	108.9679
19	9337	105.3992
20	8181	99.8048
21	7281	93.9734
22	6215	88.1646
23	5854	85.4517
24	5702	84.3801
25	5586	83.3906
26	5574	82.5227
27	5828	83.6899
28	6464	87.3728
29	7111	90.3493
30	7730	93.8190
31	8309	96.8969
32	9320	101.6268
33	9197	100.9901
34	8075	94.6837
35	7907	93.5254
36	7000	88.3742
37	6141	83.0241
38	5054	76.3675
39	4237	70.6329
40	3630	65.9090
41	3056	60.9426
42	2639	57.3672
43	2316	53.9259
44	2376	54.0740
45	2145	51.7591
46	2131	51.4296
47	2056	51.3225
48	2216	52.1728
49	2168	50.8920
50	2023	49.7293
51	2077	49.7896
52	2030	48.9081
53	2032	49.0102
54	1990	48.1456
55	2047	48.5695
56	2189	50.1298
57	2102	49.1121
58	2070	48.6826
59	2048	48.3115
60	2155	49.1833
61	2145	48.2390
62	2130	48.3735
63	2154	48.3115
64	2135	48.3839
65	2056	47.0319
66	1949	46.4650
67	1986	46.6905
68	1896	45.2990
69	1880	45.0111
70	1807	44.0341
71	1892	44.6990
72	1875	44.4410
73	1798	43.8634
74	1741	42.7434
75	1805	43.3013
76	1737	42.8369
77	1678	41.7612
78	1651	41.5331
79	1713	42.2729
80	1738	42.4500
81	1643	41.2189
82	1595	40.9512
83	1553	40.2616
84	1646	41.2068
85	1562	40.1497
86	1632	40.9878
87	1619	40.7799
88	1650	41.0609
89	1627	40.8044
90	1573	40.0874
91	1540	39.6737
92	1572	40.0999
93	1581	40.2865
94	1482	38.8072
95	1565	39.8623
96	1728	41.8330
97	1674	41.2553
98	1479	38.7169
99	1480	38.8072
100	1482	38.8072
101	1393	37.5366
102	1415	37.8286
103	1362	37.0945
104	1443	38.1969
105	1395	37.4566
106	1240	35.3553
107	1281	35.9305
108	1279	36.0416
109	1274	35.7771
110	1251	35.5668
111	1223	35.1426
112	1241	35.3695
113	1202	34.8712
114	1244	35.4683
115	1186	34.5832
116	1214	34.9285
117	1118	33.4664
118	1112	33.4963
119	1084	33.1059
120	1118	33.5261
121	1102	33.4066
122	1050	32.5576
123	1043	32.3883
124	1092	33.1361
125	1065	32.8786
126	956	31.0805
127	961	31.1609
128	968	31.3369
129	967	31.2250
130	985	31.4484
131	927	30.6431
132	1017	32.1714
133	911	30.3150
134	943	30.7734
135	908	30.4631
136	975	31.4802
137	983	31.4484
138	908	30.2324
139	881	29.8831
140	850	29.4279
141	852	29.2916
142	900	30.1330
143	839	29.1033
144	813	28.6880
145	888	29.9666
146	824	28.9137
147	795	28.3373
148	864	29.5296
149	861	29.4109
150	848	29.2575
151	801	28.5132
152	832	28.9482
153	770	27.8927
154	775	28.0891
155	779	27.9821
156	769	27.8747
157	760	27.6043
158	740	27.3130
159	712	26.7955
160	778	28.0000
161	783	28.1957
162	719	26.9629
163	722	27.0555
164	723	27.0740
165	731	27.1477
166	669	26.0576
167	721	26.9629
168	685	26.3629
169	685	26.2869
170	668	25.9230
171	674	26.0384
172	668	25.9230
173	638	25.4165
174	666	25.9230
175	655	25.9037
176	705	26.7395
177	615	24.8797
178	614	24.9399
179	648	25.6125
180	594	24.4949
181	601	24.5967
182	616	24.9800
183	625	25.1992
184	599	24.6374
185	606	24.6171
186	524	23.1517
187	612	24.7386
188	578	24.2487
189	571	24.0624
190	518	22.8910
191	498	22.4054
192	545	23.5584
193	539	23.3024
194	518	22.9347
195	551	23.5160
196	511	22.7376
197	488	22.2261
198	549	23.4307
199	472	21.7715
200	511	22.7376
201	537	23.2164
202	474	21.8632
203	448	21.4009
204	484	22.0000
205	466	21.7715
206	434	21.1187
207	423	20.6155
208	514	22.8473
209	438	21.1660
210	409	20.3715
211	433	20.8567
212	447	21.2368
213	448	21.1660
214	411	20.3224
215	434	20.8806
216	458	21.4009
217	394	19.9499
218	399	19.9750
219	422	20.5913
220	431	20.7605
221	380	19.6977
222	371	19.3132
223	408	20.3961
224	389	19.9249
225	358	18.9737
226	410	20.3470
227	331	18.3030
228	397	20.0749
229	351	18.7883
230	324	18.1108
231	362	19.1311
232	355	18.8944
233	364	19.4422
234	345	18.5742
235	350	18.7083
236	339	18.5742
237	326	18.1659
238	344	18.8149
239	301	17.4069
240	360	19.0263
241	323	18.1384
242	279	16.7033
243	303	17.5214
244	324	18.1659
245	327	18.0831
246	310	17.8326
247	320	17.9444
248	308	17.7764
249	296	17.3781
250	288	17.0294
251	278	16.6733
252	304	17.6068
253	307	17.5784
254	264	16.2481
255	319	17.9722
256	258	16.0624
257	243	15.6525
258	254	16.0000
259	244	15.6844
260	274	16.7929
261	265	16.3401
262	251	16.0312
263	259	16.1555
264	279	16.7033
265	247	15.7162
266	244	15.7480
267	237	15.3948
268	238	15.5563
269	250	15.8114
270	256	16.0624
271	235	15.3948
272	261	16.2173
273	229	15.1327
274	226	15.0333
275	195	13.9642
276	222	14.8997
277	220	14.8997
278	209	14.5258
279	225	15.0000
280	209	14.5258
281	198	14.1421
282	205	14.5258
283	208	14.4222
284	216	14.6969
285	192	14.0712
286	200	14.2127
287	204	14.3527
288	201	14.3178
289	187	13.6748
290	196	14.1421
291	192	14.0000
292	177	13.3041
293	171	13.0767
294	156	12.5698
295	201	14.3178
296	214	14.6969
297	184	13.6382
298	171	13.1529
299	146	12.2474
300	174	13.2665
301	164	12.9615
302	167	12.9228
303	167	13.0000
304	170	13.0384
305	167	12.9228
306	152	12.3288
307	164	12.9615
308	163	13.0000
309	134	11.6619
310	165	12.8452
311	135	11.7047
312	143	12.2066
313	145	12.0416
314	156	12.5698
315	151	12.3693
316	147	12.1244
317	130	11.4018
318	120	11.2250
319	137	11.7047
320	143	12.0416
321	126	11.3137
322	111	10.6301
323	122	11.0454
324	119	10.9087
325	128	11.3137
326	131	11.4455
327	120	10.9545
328	119	10.9087
329	107	10.3441
330	99	9.9499
331	109	10.4403
332	121	11.0000
333	132	11.4891
334	82	9.0554
335	112	10.5830
336	105	10.2470
337	82	9.0554
338	93	9.7468
339	88	9.3808
340	83	9.1104
341	72	8.4853
342	88	9.4868
343	112	10.5830
344	85	9.2195
345	94	9.6954
346	85	9.2195
347	93	9.8489
348	68	8.3666
349	94	9.6954
350	73	8.6603
351	82	9.0554
352	81	9.0000
353	78	8.8318
354	91	9.5394
355	82	9.0554
356	67	8.3066
357	78	8.9443
358	82	9.1652
359	73	8.6603
360	70	8.3666
361	65	8.0623
362	79	8.8882
363	86	9.2736
364	61	7.9373
365	81	9.0000
366	70	8.4853
367	92	9.5917
368	63	7.9373
369	77	8.8882
370	62	8.0000
371	72	8.4853
372	66	8.1240
373	57	7.6811
374	56	7.4833
375	58	7.6158
376	52	7.2111
377	70	8.4853
378	46	6.7823
379	66	8.1240
380	37	6.0828
381	53	7.4162
382	58	7.6158
383	53	7.2801
384	59	7.8102
385	61	7.9373
386	51	7.1414
387	50	7.0711
388	46	6.7823
389	38	6.1644
390	34	5.8310
391	37	6.0828
392	50	7.0711
393	48	6.9282
394	37	6.0828
395	37	6.2450
396	41	6.4031
397	43	6.5574
398	43	6.5574
399	51	7.1414
400	41	6.4031
401	29	5.3852
402	23	4.7958
403	29	5.5678
404	25	5.0000
405	29	5.3852
406	28	5.2915
407	24	4.8990
408	32	5.6569
409	50	7.0711
410	33	5.7446
411	36	6.0000
412	33	5.7446
413	30	5.4772
414	28	5.2915
415	23	4.7958
416	14	3.7417
417	25	5.0000
418	19	4.3589
419	29	5.3852
420	19	4.3589
421	28	5.2915
422	24	4.8990
423	24	4.8990
424	17	4.1231
425	24	4.8990
426	20	4.4721
427	18	4.2426
428	15	3.8730
429	22	4.6904
430	19	4.3589
431	22	4.6904
432	17	4.1231
433	17	4.1231
434	17	4.1231
435	10	3.1623
436	10	3.1623
437	16	4.0000
438	16	4.0000
439	15	3.8730
440	12	3.4641
441	6	2.4495
442	13	3.6056
443	13	3.6056
444	13	3.6056
445	13	3.6056
446	11	3.3166
447	5	2.2361
448	9	3.0000
449	8	2.8284
450	7	2.6458
451	12	3.4641
452	5	2.2361
453	9	3.3166
454	10	3.1623
455	8	2.8284
456	7	2.6458
457	7	2.6458
458	5	2.2361
459	5	2.6458
460	7	2.6458
461	6	2.4495
462	7	3.0000
463	10	3.1623
464	4	2.4495
465	6	2.4495
466	8	2.8284
467	3	1.7321
468	6	2.4495
469	7	2.6458
470	6	2.4495
471	7	2.6458
472	3	1.7321
473	7	2.6458
474	5	2.2361
475	5	2.2361
476	4	2.0000
477	8	2.8284
478	6	2.8284
479	2	1.4142
480	6	2.4495
481	8	2.8284
482	2	1.4142
483	5	2.2361
484	2	1.4142
485	5	2.2361
486	5	2.2361
487	0	0.0000
488	1	1.0000
489	4	2.0000
490	2	1.4142
491	5	2.2361
492	1	1.0000
493	2	1.4142
494	2	1.4142
495	3	1.7321
496	1	1.0000
497	5	2.2361
498	3	1.7321
499	0	0.0000
500	4	2.0000
501	0	0.0000
502	0	1.0000
503	1	1.0000
504	1	1.0000
505	1	1.0000
506	1	1.0000
507	0	0.0000
508	1	1.0000
509	1	1.0000
510	1	1.0000
511	2	2.4495
