# Channel	Counts	Error	Energy (keV)
0	0	0.0000	0.000
1	5	2.2361	3.093
2	458	24.6577	6.187
3	4783	108.0602	9.280
4	4279	115.8663	12.374
5	3352	104.9952	15.467
6	2844	95.9375	18.560
7	2905	91.5150	21.654
8	3177	91.0220	24.747
9	3442	88.2043	27.841
10	3266	83.7974	30.934
11	3504	83.3427	34.027
12	3607	83.2406	37.121
13	3791	82.3954	40.214
14	3778	80.2247	43.308
15	3938	81.3757	46.401
16	4349	82.5409	49.494
17	4474	81.1911	52.588
18	4364	80.5854	55.681
19	4721	80.5792	58.775
20	4935	81.9451	61.868
21	4953	80.6412	64.961
22	5112	81.6701	68.055
23	5249	81.8352	71.148
24	5548	83.4626	74.242
25	5601	83.4805	77.335
26	5452	81.7802	80.428
27	5613	82.3954	83.522
28	5771	83.3127	86.615
29	5942	83.6301	89.709
30	5982	83.9881	92.802
31	6203	85.3405	95.895
32	6658	87.5557	98.989
33	6503	86.6314	102.082
34	6272	84.6286	105.176
35	6402	85.0999	108.269
36	6438	85.1352	111.362
37	6521	85.2819	114.456
38	6447	85.0000	117.549
39	6763	86.6891	120.643
40	6894	87.2238	123.736
41	7200	88.6454	126.829
42	6668	85.5570	129.923
43	6927	86.7122	133.016
44	6919	86.4118	136.110
45	6869	86.0407	139.203
46	6823	85.6563	142.296
47	7112	87.6926	145.390
48	7197	87.7667	148.483
49	7197	87.2869	151.577
50	6991	86.2612	154.670
51	7007	86.0755	157.763
52	6990	85.7438	160.857
53	6994	85.8138	163.950
54	6896	84.9941	167.044
55	6991	85.4576	170.137
56	7064	85.9535	173.230
57	7050	85.7904	176.324
58	6860	84.6168	179.417
59	6839	84.4097	182.511
60	6703	83.4686	185.604
61	6771	83.3847	188.697
62	6733	83.3247	191.791
63	6892	84.0952	194.884
64	7038	85.1117	197.978
65	6822	83.5344	201.071
66	6498	81.9024	204.164
67	6584	82.3286	207.258
68	6463	81.3572	210.351
69	6489	81.4555	213.445
70	6404	80.8455	216.538
71	6580	81.7680	219.631
72	6591	81.7985	222.725
73	6397	80.7651	225.818
74	6163	79.0506	228.912
75	6200	79.1833	232.005
76	6092	78.6766	235.098
77	6131	78.7210	238.192
78	5951	77.6209	241.285
79	5997	77.9166	244.379
80	6189	79.0759	247.472
81	6114	78.5493	250.565
82	5792	76.6420	253.659
83	5655	75.6505	256.752
84	5749	76.1643	259.846
85	5717	75.9408	262.939
86	5545	74.7864	266.032
87	5457	74.1687	269.126
88	5588	74.9933	272.219
89	5485	74.3169	275.313
90	5171	72.1457	278.406
91	5056	71.3442	281.499
92	5095	71.6310	284.593
93	4916	70.4131	287.686
94	4937	70.4344	290.780
95	4872	69.9714	293.873
96	5217	72.3809	296.966
97	5032	71.1337	300.060
98	4575	67.7864	303.153
99	4538	67.5574	306.247
100	4500	67.2607	309.340
101	4277	65.5210	312.433
102	4341	66.0076	315.527
103	4297	65.6582	318.620
104	4311	65.7799	321.714
105	4075	63.8984	324.807
106	3983	63.1902	327.900
107	3881	62.3779	330.994
108	3858	62.2736	334.087
109	3883	62.3618	337.181
110	3674	60.7289	340.274
111	3677	60.7371	343.367
112	3782	61.5792	346.461
113	3583	59.9750	349.554
114	3369	58.1636	352.648
115	3323	57.7321	355.741
116	3231	56.8946	358.834
117	3062	55.3534	361.928
118	2987	54.7449	365.021
119	3048	55.3173	368.115
120	3049	55.2721	371.208
121	2838	53.4041	374.301
122	2847	53.4509	377.395
123	2646	51.4976	380.488
124	2653	51.5655	383.582
125	2577	50.9215	386.675
126	2450	49.5984	389.768
127	2490	50.0000	392.862
128	2514	50.2792	395.955
129	2362	48.6826	399.049
130	2224	47.2017	402.142
131	2203	47.0638	405.235
132	2224	47.3498	408.329
133	2085	45.7493	411.422
134	2103	45.9021	414.516
135	1897	43.7836	417.609
136	1940	44.2267	420.702
137	1906	43.7264	423.796
138	1852	43.1045	426.889
139	1809	42.6732	429.983
140	1692	41.3280	433.076
141	1716	41.4970	436.169
142	1628	40.4475	439.263
143	1579	39.8372	442.356
144	1709	41.4608	445.450
145	1593	40.0375	448.543
146	1468	38.4708	451.636
147	1504	38.8844	454.730
148	1414	37.7094	457.823
149	1443	38.0395	460.917
150	1379	37.2424	464.010
151	1446	38.1838	467.103
152	1373	37.1349	470.197
153	1357	36.9459	473.290
154	1318	36.4966	476.384
155	1408	37.5766	479.477
156	1301	36.1801	482.570
157	1296	36.0278	485.664
158	1271	35.7351	488.757
159	1265	35.6511	491.851
160	1363	37.0000	494.944
161	1325	36.5650	498.037
162	1155	34.1028	501.131
163	1130	33.7639	504.224
164	1182	34.5254	507.318
165	1150	34.0000	510.411
166	1157	34.1614	513.504
167	1160	34.1467	516.598
168	1235	35.2846	519.691
169	1245	35.3695	522.785
170	1152	34.0000	525.878
171	1139	33.8083	528.971
172	1126	33.6155	532.065
173	1115	33.5112	535.158
174	1077	32.9090	538.252
175	1186	34.6699	541.345
176	1311	36.3456	544.438
177	1239	35.2562	547.532
178	1215	34.9714	550.625
179	1339	36.7015	553.719
180	1317	36.3731	556.812
181	1411	37.6165	559.905
182	1393	37.4299	562.999
183	1468	38.4448	566.092
184	1634	40.5216	569.186
185	1620	40.2492	572.279
186	1689	41.2432	575.372
187	1735	41.6533	578.466
188	1744	41.8808	581.559
189	1952	44.2719	584.653
190	2056	45.4093	587.746
191	2162	46.5403	590.839
192	2362	48.7032	593.933
193	2435	49.3862	597.026
194	2391	48.9796	600.120
195	2497	49.9900	603.213
196	2653	51.5655	606.306
197	2698	52.0000	609.400
198	2808	52.9906	612.493
199	2919	54.0463	615.587
200	3140	56.0892	618.680
201	3037	55.1271	621.773
202	3001	54.8179	624.867
203	3094	55.7136	627.960
204	3079	55.4887	631.054
205	3024	55.0636	634.147
206	2912	54.0740	637.240
207	2933	54.1756	640.334
208	2996	54.8088	643.427
209	2733	52.3737	646.521
210	2557	50.6261	649.614
211	2457	49.5883	652.707
212	2343	48.4458	655.801
213	2204	46.9468	658.894
214	2013	44.8888	661.988
215	1885	43.4396	665.081
216	1774	42.1189	668.174
217	1620	40.2989	671.268
218	1442	37.9737	674.361
219	1267	35.6230	677.455
220	1117	33.4215	680.548
221	1021	32.0780	683.641
222	899	30.0167	686.735
223	825	28.8617	689.828
224	796	28.3549	692.922
225	690	26.3059	696.015
226	592	24.4131	699.108
227	481	22.0227	702.202
228	443	21.1896	705.295
229	356	18.9209	708.389
230	324	18.1108	711.482
231	292	17.2047	714.575
232	235	15.3948	717.669
233	194	14.4222	720.762
234	176	13.2665	723.856
235	127	11.2694	726.949
236	134	11.8322	730.042
237	104	10.3923	733.136
238	98	10.3923	736.229
239	74	8.7178	739.323
240	77	8.8882	742.416
241	67	8.5440	745.509
242	68	8.2462	748.603
243	74	8.8318	751.696
244	57	7.9373	754.790
245	39	6.2450	757.883
246	40	6.9282	760.976
247	62	8.0000	764.070
248	39	6.8557	767.163
249	39	6.7082	770.257
250	30	5.6569	773.350
251	43	6.5574	776.443
252	49	7.4162	779.537
253	26	5.2915	782.630
254	29	5.3852	785.724
255	44	6.9282	788.817
256	33	5.7446	791.910
257	23	5.0000	795.004
258	31	5.7446	798.097
259	37	6.2450	801.191
260	26	5.8310	804.284
261	33	5.9161	807.377
262	27	5.7446	810.471
263	25	5.1962	813.564
264	34	5.8310	816.658
265	35	5.9161	819.751
266	20	4.8990	822.844
267	22	4.6904	825.938
268	17	4.5826	829.031
269	25	5.0000	832.125
270	26	5.2915	835.218
271	19	4.5826	838.311
272	23	5.0000	841.405
273	30	5.4772	844.498
274	21	4.5826	847.592
275	25	5.0000	850.685
276	18	4.2426	853.778
277	17	4.3589	856.872
278	19	4.5826	859.965
279	17	4.1231	863.059
280	18	4.4721	866.152
281	14	4.0000	869.245
282	16	4.6904	872.339
283	19	4.3589	875.432
284	17	4.1231	878.526
285	14	4.4721	881.619
286	12	3.7417	884.712
287	10	3.4641	887.806
288	11	3.8730	890.899
289	20	4.4721	893.993
290	7	3.3166	897.086
291	8	3.4641	900.179
292	11	3.3166	903.273
293	12	3.4641	906.366
294	17	4.3589	909.460
295	9	3.6056	912.553
296	11	3.6056	915.646
297	12	3.7417	918.740
298	0	1.4142	921.833
299	12	4.0000	924.927
300	4	2.4495	928.020
301	10	3.7417	931.113
302	11	3.3166	934.207
303	3	2.2361	937.300
304	12	3.4641	940.394
305	10	3.1623	943.487
306	8	2.8284	946.580
307	6	3.1623	949.674
308	2	2.8284	952.767
309	11	3.6056	955.861
310	7	2.6458	958.954
311	7	3.0000	962.047
312	0	2.4495	965.141
313	5	2.2361	968.234
314	5	2.6458	971.328
315	5	2.6458	974.421
316	7	2.6458	977.514
317	6	2.4495	980.608
318	0	1.7321	983.701
319	4	2.0000	986.795
320	4	2.4495	989.888
321	2	2.0000	992.981
322	1	1.7321	996.075
323	2	1.4142	999.168
324	3	1.7321	1002.262
325	5	2.2361	1005.355
326	3	1.7321	1008.448
327	3	1.7321	1011.542
328	3	1.7321	1014.635
329	4	2.0000	1017.729
330	4	2.0000	1020.822
331	2	1.4142	1023.915
332	2	1.4142	1027.009
333	2	1.4142	1030.102
334	0	0.0000	1033.196
335	4	2.0000	1036.289
336	2	1.4142	1039.382
337	1	1.0000	1042.476
338	1	1.7321	1045.569
339	1	1.0000	1048.663
340	3	1.7321	1051.756
341	2	1.4142	1054.849
342	0	1.4142	1057.943
343	2	1.4142	1061.036
344	1	1.0000	1064.130
345	1	1.0000	1067.223
346	1	1.0000	1070.316
347	0	1.7321	1073.410
348	1	1.7321	1076.503
349	1	1.0000	1079.597
350	1	1.7321	1082.690
351	0	0.0000	1085.783
352	0	0.0000	1088.877
353	2	1.4142	1091.970
354	1	1.0000	1095.064
355	0	0.0000	1098.157
356	0	1.0000	1101.250
357	0	1.4142	1104.344
358	0	1.0000	1107.437
359	0	1.0000	1110.531
360	1	1.0000	1113.624
361	0	0.0000	1116.717
362	0	0.0000	1119.811
363	0	0.0000	1122.904
364	0	1.0000	1125.998
365	0	0.0000	1129.091
366	0	1.0000	1132.184
367	0	0.0000	1135.278
368	0	0.0000	1138.371
369	0	1.4142	1141.465
370	0	1.0000	1144.558
371	0	0.0000	1147.651
372	1	1.0000	1150.745
373	3	2.2361	1153.838
374	1	1.0000	1156.932
375	0	0.0000	1160.025
376	0	0.0000	1163.118
377	0	1.4142	1166.212
378	1	1.0000	1169.305
379	0	0.0000	1172.399
380	0	0.0000	1175.492
381	0	1.4142	1178.585
382	0	0.0000	1181.679
383	0	0.0000	1184.772
384	0	1.4142	1187.866
385	0	1.4142	1190.959
386	0	0.0000	1194.052
387	0	0.0000	1197.146
388	0	0.0000	1200.239
389	0	0.0000	1203.333
390	0	0.0000	1206.426
391	2	1.4142	1209.519
392	0	0.0000	1212.613
393	0	0.0000	1215.706
394	0	0.0000	1218.800
395	0	1.0000	1221.893
396	0	0.0000	1224.986
397	0	0.0000	1228.080
398	0	0.0000	1231.173
399	1	1.0000	1234.267
400	0	0.0000	1237.360
401	1	1.0000	1240.453
402	0	0.0000	1243.547
403	0	1.0000	1246.640
404	0	0.0000	1249.734
405	0	0.0000	1252.827
406	0	0.0000	1255.920
407	0	0.0000	1259.014
408	0	0.0000	1262.107
409	0	0.0000	1265.201
410	0	0.0000	1268.294
411	0	0.0000	1271.387
412	0	0.0000	1274.481
413	0	0.0000	1277.574
414	0	0.0000	1280.668
415	2	1.4142	1283.761
416	0	0.0000	1286.854
417	0	0.0000	1289.948
418	0	0.0000	1293.041
419	1	1.0000	1296.135
420	0	0.0000	1299.228
421	1	1.0000	1302.321
422	0	0.0000	1305.415
423	0	0.0000	1308.508
424	0	0.0000	1311.602
425	0	0.0000	1314.695
426	0	0.0000	1317.788
427	0	0.0000	1320.882
428	0	0.0000	1323.975
429	0	0.0000	1327.069
430	0	0.0000	1330.162
431	0	0.0000	1333.255
432	1	1.0000	1336.349
433	0	0.0000	1339.442
434	0	0.0000	1342.536
435	0	0.0000	1345.629
436	0	0.0000	1348.722
437	0	0.0000	1351.816
438	0	0.0000	1354.909
439	0	0.0000	1358.003
440	0	0.0000	1361.096
441	0	0.0000	1364.189
442	0	0.0000	1367.283
443	0	0.0000	1370.376
444	0	0.0000	1373.470
445	0	0.0000	1376.563
446	0	0.0000	1379.656
447	0	0.0000	1382.750
448	0	0.0000	1385.843
449	0	0.0000	1388.937
450	0	0.0000	1392.030
451	0	0.0000	1395.123
452	0	0.0000	1398.217
453	0	1.0000	1401.310
454	0	0.0000	1404.404
455	0	0.0000	1407.497
456	0	0.0000	1410.590
457	0	0.0000	1413.684
458	0	0.0000	1416.777
459	0	1.0000	1419.871
460	0	0.0000	1422.964
461	0	0.0000	1426.057
462	0	1.0000	1429.151
463	0	0.0000	1432.244
464	0	1.0000	1435.338
465	1	1.0000	1438.431
466	0	0.0000	1441.524
467	0	0.0000	1444.618
468	0	0.0000	1447.711
469	0	0.0000	1450.805
470	0	0.0000	1453.898
471	1	1.0000	1456.991
472	0	0.0000	1460.085
473	0	0.0000	1463.178
474	0	0.0000	1466.272
475	0	0.0000	1469.365
476	0	0.0000	1472.458
477	0	0.0000	1475.552
478	0	1.0000	1478.645
479	0	0.0000	1481.739
480	0	0.0000	1484.832
481	0	0.0000	1487.925
482	0	0.0000	1491.019
483	0	0.0000	1494.112
484	0	0.0000	1497.206
485	0	0.0000	1500.299
486	0	0.0000	1503.392
487	0	0.0000	1506.486
488	0	0.0000	1509.579
489	1	1.0000	1512.673
490	0	0.0000	1515.766
491	0	0.0000	1518.859
492	0	0.0000	1521.953
493	1	1.0000	1525.046
494	0	0.0000	1528.140
495	0	0.0000	1531.233
496	0	0.0000	1534.326
497	0	0.0000	1537.420
498	0	0.0000	1540.513
499	0	0.0000	1543.607
500	0	0.0000	1546.700
501	0	0.0000	1549.793
502	0	1.0000	1552.887
503	0	0.0000	1555.980
504	0	0.0000	1559.074
505	0	0.0000	1562.167
506	0	0.0000	1565.260
507	0	0.0000	1568.354
508	0	0.0000	1571.447
509	1	1.0000	1574.541
510	0	0.0000	1577.634
511	0	1.4142	1580.727
