# Channel	Counts	Error	Energy (keV)
0	0	0.0000	0.000
1	1	1.0000	3.093
2	195	18.5742	6.187
3	7275	119.0336	9.280
4	9524	136.6382	12.374
5	8356	126.6017	15.467
6	8084	120.1832	18.560
7	9202	121.1280	21.654
8	11603	129.2710	24.747
9	12936	131.4306	27.841
10	12602	127.8984	30.934
11	11069	120.4616	34.027
12	9193	111.8705	37.121
13	7584	102.8688	40.214
14	6946	98.0000	43.308
15	6672	96.7264	46.401
16	7154	98.0714	49.494
17	6848	94.6890	52.588
18	6187	91.1976	55.681
19	5647	86.1336	58.775
20	5097	82.9277	61.868
21	4320	76.6159	64.961
22	3310	69.7711	68.055
23	2579	63.4586	71.148
24	2307	61.0328	74.242
25	1916	57.3062	77.335
26	1747	54.6168	80.428
27	1688	53.5164	83.522
28	1537	52.0288	86.615
29	1625	51.7397	89.709
30	1530	51.0098	92.802
31	1529	51.0784	95.895
32	1619	51.2543	98.989
33	1561	50.6261	102.082
34	1432	48.1871	105.176
35	1477	48.1352	108.269
36	1537	48.4458	111.362
37	1508	47.5395	114.456
38	1419	46.8722	117.549
39	1481	47.2546	120.643
40	1485	46.8935	123.736
41	1394	45.2990	126.829
42	1467	46.0326	129.923
43	1508	45.8258	133.016
44	1477	45.0000	136.110
45	1490	44.9889	139.203
46	1355	43.2319	142.296
47	1364	44.0681	145.390
48	1519	45.0000	148.483
49	1538	44.2719	151.577
50	1429	43.3474	154.670
51	1385	42.2729	157.763
52	1456	42.6380	160.857
53	1496	43.1972	163.950
54	1392	41.4729	167.044
55	1356	40.8412	170.137
56	1325	40.6079	173.230
57	1344	40.6694	176.324
58	1293	39.9124	179.417
59	1269	39.4335	182.511
60	1318	39.7744	185.604
61	1307	38.5876	188.697
62	1356	39.5727	191.791
63	1363	39.2810	194.884
64	1272	38.4448	197.978
65	1342	38.7040	201.071
66	1272	38.4968	204.164
67	1261	38.1445	207.258
68	1222	37.1214	210.351
69	1203	36.7287	213.445
70	1199	36.4829	216.538
71	1149	35.4260	219.631
72	1129	35.0571	222.725
73	1041	34.1614	225.818
74	1097	34.3948	228.912
75	1021	33.0303	232.005
76	924	31.9687	235.098
77	929	31.5436	238.192
78	974	32.3728	241.285
79	948	31.9687	244.379
80	926	31.4643	247.472
81	897	30.8707	250.565
82	900	31.3369	253.659
83	918	31.4006	256.752
84	897	30.8058	259.846
85	872	30.3645	262.939
86	912	30.9839	266.032
87	911	30.9031	269.126
88	889	30.4138	272.219
89	828	29.4279	275.313
90	828	29.3598	278.406
91	735	27.7308	281.499
92	802	28.9482	284.593
93	712	27.4591	287.686
94	677	26.4764	290.780
95	771	28.1957	293.873
96	840	29.3598	296.966
97	793	28.6531	300.060
98	852	29.5296	303.153
99	890	30.2655	306.247
100	933	30.9354	309.340
101	1015	32.1092	312.433
102	1036	32.4345	315.527
103	1121	33.6898	318.620
104	1104	33.4664	321.714
105	1059	32.6650	324.807
106	1018	32.0624	327.900
107	1059	32.6956	330.994
108	939	30.9677	334.087
109	886	29.8664	337.181
110	821	28.8964	340.274
111	741	27.4408	343.367
112	719	27.0000	346.461
113	638	25.5343	349.554
114	522	23.1517	352.648
115	533	23.3024	355.741
116	433	20.9523	358.834
117	392	19.8494	361.928
118	363	19.3132	365.021
119	300	17.6635	368.115
120	297	17.4069	371.208
121	248	16.1864	374.301
122	187	14.0357	377.395
123	158	12.8062	380.488
124	135	11.8743	383.582
125	109	11.1803	386.675
126	106	10.7703	389.768
127	77	9.3274	392.862
128	68	9.0554	395.955
129	37	6.7082	399.049
130	48	7.2111	402.142
131	32	6.6332	405.235
132	18	6.0000	408.329
133	16	4.8990	411.422
134	18	4.6904	414.516
135	14	5.8310	417.609
136	0	4.0000	420.702
137	11	4.1231	423.796
138	12	4.2426	426.889
139	4	4.0000	429.983
140	0	3.4641	433.076
141	5	3.3166	436.169
142	2	3.1623	439.263
143	1	3.0000	442.356
144	0	3.1623	445.450
145	1	3.3166	448.543
146	0	3.3166	451.636
147	4	3.4641	454.730
148	0	2.8284	457.823
149	0	2.0000	460.917
150	0	2.6458	464.010
151	0	3.4641	467.103
152	1	2.6458	470.197
153	1	3.0000	473.290
154	0	3.4641	476.384
155	2	2.4495	479.477
156	0	2.6458	482.570
157	4	2.4495	485.664
158	2	2.8284	488.757
159	4	3.1623	491.851
160	0	2.2361	494.944
161	0	3.0000	498.037
162	1	3.0000	501.131
163	0	3.1623	504.224
164	0	3.0000	507.318
165	2	2.8284	510.411
166	2	3.4641	513.504
167	1	2.6458	516.598
168	0	3.0000	519.691
169	0	2.4495	522.785
170	0	2.0000	525.878
171	5	3.0000	528.971
172	5	3.0000	532.065
173	1	3.0000	535.158
174	0	2.0000	538.252
175	0	3.4641	541.345
176	0	3.1623	544.438
177	0	2.0000	547.532
178	1	3.0000	550.625
179	0	2.6458	553.719
180	1	2.6458	556.812
181	0	1.7321	559.905
182	0	2.4495	562.999
183	0	2.8284	566.092
184	0	2.6458	569.186
185	1	1.0000	572.279
186	0	2.6458	575.372
187	3	1.7321	578.466
188	0	3.0000	581.559
189	0	2.2361	584.653
190	0	1.7321	587.746
191	2	2.4495	590.839
192	0	2.2361	593.933
193	1	2.2361	597.026
194	0	2.2361	600.120
195	2	2.0000	603.213
196	0	2.0000	606.306
197	2	2.8284	609.400
198	2	1.4142	612.493
199	1	1.7321	615.587
200	0	2.2361	618.680
201	3	2.2361	621.773
202	1	2.2361	624.867
203	0	2.2361	627.960
204	4	2.0000	631.054
205	0	2.8284	634.147
206	0	3.0000	637.240
207	2	2.0000	640.334
208	0	2.2361	643.427
209	0	2.8284	646.521
210	0	2.0000	649.614
211	4	2.4495	652.707
212	0	1.7321	655.801
213	1	1.0000	658.894
214	1	1.7321	661.988
215	3	2.2361	665.081
216	2	1.4142	668.174
217	0	2.0000	671.268
218	2	1.4142	674.361
219	1	1.7321	677.455
220	1	1.0000	680.548
221	0	2.6458	683.641
222	3	2.2361	686.735
223	0	2.2361	689.828
224	0	2.2361	692.922
225	3	2.2361	696.015
226	0	2.0000	699.108
227	0	1.7321	702.202
228	0	2.2361	705.295
229	2	2.0000	708.389
230	4	2.8284	711.482
231	2	2.4495	714.575
232	1	1.7321	717.669
233	0	3.1623	720.762
234	2	1.4142	723.856
235	0	0.0000	726.949
236	0	2.4495	730.042
237	0	1.4142	733.136
238	0	2.4495	736.229
239	1	1.7321	739.323
240	0	1.0000	742.416
241	0	2.0000	745.509
242	2	1.4142	748.603
243	0	1.4142	751.696
244	0	2.0000	754.790
245	0	0.0000	757.883
246	0	2.0000	760.976
247	1	1.7321	764.070
248	0	2.8284	767.163
249	0	2.0000	770.257
250	0	1.4142	773.350
251	1	1.0000	776.443
252	0	1.7321	779.537
253	2	2.0000	782.630
254	1	1.0000	785.724
255	0	2.0000	788.817
256	2	1.4142	791.910
257	0	1.0000	795.004
258	1	1.7321	798.097
259	0	1.4142	801.191
260	0	2.2361	804.284
261	1	1.7321	807.377
262	0	1.7321	810.471
263	0	1.0000	813.564
264	0	0.0000	816.658
265	0	0.0000	819.751
266	0	2.0000	822.844
267	2	1.4142	825.938
268	0	1.4142	829.031
269	2	1.4142	832.125
270	0	1.4142	835.218
271	0	1.0000	838.311
272	0	1.0000	841.405
273	3	1.7321	844.498
274	2	1.4142	847.592
275	0	0.0000	850.685
276	3	1.7321	853.778
277	0	1.0000	856.872
278	0	1.0000	859.965
279	1	1.0000	863.059
280	0	1.4142	866.152
281	0	1.4142	869.245
282	0	1.7321	872.339
283	1	1.0000	875.432
284	0	0.0000	878.526
285	0	1.7321	881.619
286	0	1.0000	884.712
287	0	1.4142	887.806
288	0	1.4142	890.899
289	0	0.0000	893.993
290	0	1.4142	897.086
291	0	1.7321	900.179
292	0	0.0000	903.273
293	1	1.0000	906.366
294	0	1.4142	909.460
295	0	1.7321	912.553
296	0	1.0000	915.646
297	0	1.0000	918.740
298	0	1.0000	921.833
299	0	1.7321	924.927
300	0	1.4142	928.020
301	0	1.7321	931.113
302	0	0.0000	934.207
303	2	2.0000	937.300
304	0	0.0000	940.394
305	0	0.0000	943.487
306	0	0.0000	946.580
307	0	1.4142	949.674
308	0	1.7321	952.767
309	0	1.4142	955.861
310	1	1.0000	958.954
311	0	1.0000	962.047
312	0	1.7321	965.141
313	1	1.0000	968.234
314	0	1.0000	971.328
315	0	1.4142	974.421
316	0	0.0000	977.514
317	0	0.0000	980.608
318	0	2.0000	983.701
319	0	0.0000	986.795
320	0	1.0000	989.888
321	0	1.0000	992.981
322	0	1.0000	996.075
323	0	0.0000	999.168
324	0	0.0000	1002.262
325	0	0.0000	1005.355
326	3	1.7321	1008.448
327	0	0.0000	1011.542
328	0	0.0000	1014.635
329	0	0.0000	1017.729
330	0	0.0000	1020.822
331	0	0.0000	1023.915
332	1	1.0000	1027.009
333	1	1.0000	1030.102
334	0	0.0000	1033.196
335	0	0.0000	1036.289
336	1	1.0000	1039.382
337	0	0.0000	1042.476
338	0	1.4142	1045.569
339	1	1.0000	1048.663
340	0	0.0000	1051.756
341	0	0.0000	1054.849
342	0	1.0000	1057.943
343	0	0.0000	1061.036
344	0	0.0000	1064.130
345	0	0.0000	1067.223
346	1	1.0000	1070.316
347	0	1.7321	1073.410
348	0	1.0000	1076.503
349	0	0.0000	1079.597
350	0	1.0000	1082.690
351	0	0.0000	1085.783
352	0	0.0000	1088.877
353	0	0.0000	1091.970
354	0	0.0000	1095.064
355	0	0.0000	1098.157
356	0	1.0000	1101.250
357	0	1.4142	1104.344
358	0	1.4142	1107.437
359	0	1.0000	1110.531
360	0	0.0000	1113.624
361	0	0.0000	1116.717
362	0	0.0000	1119.811
363	0	0.0000	1122.904
364	0	1.4142	1125.998
365	2	1.4142	1129.091
366	0	1.0000	1132.184
367	0	0.0000	1135.278
368	0	0.0000	1138.371
369	0	1.0000	1141.465
370	0	1.0000	1144.558
371	0	0.0000	1147.651
372	0	0.0000	1150.745
373	0	1.0000	1153.838
374	0	0.0000	1156.932
375	0	0.0000	1160.025
376	0	0.0000	1163.118
377	0	1.0000	1166.212
378	0	0.0000	1169.305
379	0	0.0000	1172.399
380	0	0.0000	1175.492
381	0	1.0000	1178.585
382	1	1.0000	1181.679
383	1	1.0000	1184.772
384	0	1.0000	1187.866
385	0	1.0000	1190.959
386	1	1.0000	1194.052
387	0	0.0000	1197.146
388	1	1.0000	1200.239
389	0	0.0000	1203.333
390	0	0.0000	1206.426
391	0	0.0000	1209.519
392	1	1.0000	1212.613
393	0	0.0000	1215.706
394	0	0.0000	1218.800
395	0	1.0000	1221.893
396	0	0.0000	1224.986
397	0	0.0000	1228.080
398	0	0.0000	1231.173
399	0	0.0000	1234.267
400	0	0.0000	1237.360
401	0	0.0000	1240.453
402	0	0.0000	1243.547
403	0	1.0000	1246.640
404	0	0.0000	1249.734
405	0	0.0000	1252.827
406	0	0.0000	1255.920
407	0	0.0000	1259.014
408	0	0.0000	1262.107
409	0	0.0000	1265.201
410	0	0.0000	1268.294
411	0	0.0000	1271.387
412	0	0.0000	1274.481
413	0	0.0000	1277.574
414	0	0.0000	1280.668
415	0	0.0000	1283.761
416	0	0.0000	1286.854
417	0	0.0000	1289.948
418	0	0.0000	1293.041
419	0	0.0000	1296.135
420	0	0.0000	1299.228
421	0	0.0000	1302.321
422	0	0.0000	1305.415
423	0	0.0000	1308.508
424	0	0.0000	1311.602
425	0	0.0000	1314.695
426	1	1.0000	1317.788
427	0	0.0000	1320.882
428	0	0.0000	1323.975
429	0	0.0000	1327.069
430	0	0.0000	1330.162
431	0	0.0000	1333.255
432	1	1.0000	1336.349
433	0	0.0000	1339.442
434	0	0.0000	1342.536
435	0	0.0000	1345.629
436	0	0.0000	1348.722
437	0	0.0000	1351.816
438	1	1.0000	1354.909
439	2	1.4142	1358.003
440	0	0.0000	1361.096
441	1	1.0000	1364.189
442	0	0.0000	1367.283
443	0	0.0000	1370.376
444	0	0.0000	1373.470
445	0	0.0000	1376.563
446	0	0.0000	1379.656
447	1	1.0000	1382.750
448	0	0.0000	1385.843
449	0	0.0000	1388.937
450	0	0.0000	1392.030
451	0	0.0000	1395.123
452	0	0.0000	1398.217
453	0	1.0000	1401.310
454	0	0.0000	1404.404
455	0	0.0000	1407.497
456	0	0.0000	1410.590
457	0	0.0000	1413.684
458	1	1.0000	1416.777
459	0	1.0000	1419.871
460	0	0.0000	1422.964
461	0	0.0000	1426.057
462	0	1.0000	1429.151
463	0	0.0000	1432.244
464	0	1.4142	1435.338
465	0	0.0000	1438.431
466	0	0.0000	1441.524
467	0	0.0000	1444.618
468	0	0.0000	1447.711
469	0	0.0000	1450.805
470	0	0.0000	1453.898
471	0	0.0000	1456.991
472	0	0.0000	1460.085
473	0	0.0000	1463.178
474	0	0.0000	1466.272
475	0	0.0000	1469.365
476	0	0.0000	1472.458
477	0	0.0000	1475.552
478	0	1.0000	1478.645
479	0	0.0000	1481.739
480	0	0.0000	1484.832
481	0	0.0000	1487.925
482	0	0.0000	1491.019
483	0	0.0000	1494.112
484	0	0.0000	1497.206
485	0	0.0000	1500.299
486	0	0.0000	1503.392
487	1	1.0000	1506.486
488	0	0.0000	1509.579
489	1	1.0000	1512.673
490	0	0.0000	1515.766
491	0	0.0000	1518.859
492	0	0.0000	1521.953
493	0	0.0000	1525.046
494	0	0.0000	1528.140
495	0	0.0000	1531.233
496	0	0.0000	1534.326
497	0	0.0000	1537.420
498	0	0.0000	1540.513
499	0	0.0000	1543.607
500	0	0.0000	1546.700
501	0	0.0000	1549.793
502	0	1.0000	1552.887
503	0	0.0000	1555.980
504	0	0.0000	1559.074
505	0	0.0000	1562.167
506	0	0.0000	1565.260
507	0	0.0000	1568.354
508	0	0.0000	1571.447
509	0	0.0000	1574.541
510	0	0.0000	1577.634
511	0	2.0000	1580.727
