# Channel Number	Net Counts	Error
0	0	0.0000
1	5	2.2361
2	458	24.6577
3	4783	108.0602
4	4279	115.8663
5	3352	104.9952
6	2844	95.9375
7	2905	91.5150
8	3177	91.0220
9	3442	88.2043
10	3266	83.7974
11	3504	83.3427
12	3607	83.2406
13	3791	82.3954
14	3778	80.2247
15	3938	81.3757
16	4349	82.5409
17	4474	81.1911
18	4364	80.5854
19	4721	80.5792
20	4935	81.9451
21	4953	80.6412
22	5112	81.6701
23	5249	81.8352
24	5548	83.4626
25	5601	83.4805
26	5452	81.7802
27	5613	82.3954
28	5771	83.3127
29	5942	83.6301
30	5982	83.9881
31	6203	85.3405
32	6658	87.5557
33	6503	86.6314
34	6272	84.6286
35	6402	85.0999
36	6438	85.1352
37	6521	85.2819
38	6447	85.0000
39	6763	86.6891
40	6894	87.2238
41	7200	88.6454
42	6668	85.5570
43	6927	86.7122
44	6919	86.4118
45	6869	86.0407
46	6823	85.6563
47	7112	87.6926
48	7197	87.7667
49	7197	87.2869
50	6991	86.2612
51	7007	86.0755
52	6990	85.7438
53	6994	85.8138
54	6896	84.9941
55	6991	85.4576
56	7064	85.9535
57	7050	85.7904
58	6860	84.6168
59	6839	84.4097
60	6703	83.4686
61	6771	83.3847
62	6733	83.3247
63	6892	84.0952
64	7038	85.1117
65	6822	83.5344
66	6498	81.9024
67	6584	82.3286
68	6463	81.3572
69	6489	81.4555
70	6404	80.8455
71	6580	81.7680
72	6591	81.7985
73	6397	80.7651
74	6163	79.0506
75	6200	79.1833
76	6092	78.6766
77	6131	78.7210
78	5951	77.6209
79	5997	77.9166
80	6189	79.0759
81	6114	78.5493
82	5792	76.6420
83	5655	75.6505
84	5749	76.1643
85	5717	75.9408
86	5545	74.7864
87	5457	74.1687
88	5588	74.9933
89	5485	74.3169
90	5171	72.1457
91	5056	71.3442
92	5095	71.6310
93	4916	70.4131
94	4937	70.4344
95	4872	69.9714
96	5217	72.3809
97	5032	71.1337
98	4575	67.7864
99	4538	67.5574
100	4500	67.2607
101	4277	65.5210
102	4341	66.0076
103	4297	65.6582
104	4311	65.7799
105	4075	63.8984
106	3983	63.1902
107	3881	62.3779
108	3858	62.2736
109	3883	62.3618
110	3674	60.7289
111	3677	60.7371
112	3782	61.5792
113	3583	59.9750
114	3369	58.1636
115	3323	57.7321
116	3231	56.8946
117	3062	55.3534
118	2987	54.7449
119	3048	55.3173
120	3049	55.2721
121	2838	53.4041
122	2847	53.4509
123	2646	51.4976
124	2653	51.5655
125	2577	50.9215
126	2450	49.5984
127	2490	50.0000
128	2514	50.2792
129	2362	48.6826
130	2224	47.2017
131	2203	47.0638
132	2224	47.3498
133	2085	45.7493
134	2103	45.9021
135	1897	43.7836
136	1940	44.2267
137	1906	43.7264
138	1852	43.1045
139	1809	42.6732
140	1692	41.3280
141	1716	41.4970
142	1628	40.4475
143	1579	39.8372
144	1709	41.4608
145	1593	40.0375
146	1468	38.4708
147	1504	38.8844
148	1414	37.7094
149	1443	38.0395
150	1379	37.2424
151	1446	38.1838
152	1373	37.1349
153	1357	36.9459
154	1318	36.4966
155	1408	37.5766
156	1301	36.1801
157	1296	36.0278
158	1271	35.7351
159	1265	35.6511
160	1363	37.0000
161	1325	36.5650
162	1155	34.1028
163	1130	33.7639
164	1182	34.5254
165	1150	34.0000
166	1157	34.1614
167	1160	34.1467
168	1235	35.2846
169	1245	35.3695
170	1152	34.0000
171	1139	33.8083
172	1126	33.6155
173	1115	33.5112
174	1077	32.9090
175	1186	34.6699
176	1311	36.3456
177	1239	35.2562
178	1215	34.9714
179	1339	36.7015
180	1317	36.3731
181	1411	37.6165
182	1393	37.4299
183	1468	38.4448
184	1634	40.5216
185	1620	40.2492
186	1689	41.2432
187	1735	41.6533
188	1744	41.8808
189	1952	44.2719
190	2056	45.4093
191	2162	46.5403
192	2362	48.7032
193	2435	49.3862
194	2391	48.9796
195	2497	49.9900
196	2653	51.5655
197	2698	52.0000
198	2808	52.9906
199	2919	54.0463
200	3140	56.0892
201	3037	55.1271
202	3001	54.8179
203	3094	55.7136
204	3079	55.4887
205	3024	55.0636
206	2912	54.0740
207	2933	54.1756
208	2996	54.8088
209	2733	52.3737
210	2557	50.6261
211	2457	49.5883
212	2343	48.4458
213	2204	46.9468
214	2013	44.8888
215	1885	43.4396
216	1774	42.1189
217	1620	40.2989
218	1442	37.9737
219	1267	35.6230
220	1117	33.4215
221	1021	32.0780
222	899	30.0167
223	825	28.8617
224	796	28.3549
225	690	26.3059
226	592	24.4131
227	481	22.0227
228	443	21.1896
229	356	18.9209
230	324	18.1108
231	292	17.2047
232	235	15.3948
233	194	14.4222
234	176	13.2665
235	127	11.2694
236	134	11.8322
237	104	10.3923
238	98	10.3923
239	74	8.7178
240	77	8.8882
241	67	8.5440
242	68	8.2462
243	74	8.8318
244	57	7.9373
245	39	6.2450
246	40	6.9282
247	62	8.0000
248	39	6.8557
249	39	6.7082
250	30	5.6569
251	43	6.5574
252	49	7.4162
253	26	5.2915
254	29	5.3852
255	44	6.9282
256	33	5.7446
257	23	5.0000
258	31	5.7446
259	37	6.2450
260	26	5.8310
261	33	5.9161
262	27	5.7446
263	25	5.1962
264	34	5.8310
265	35	5.9161
266	20	4.8990
267	22	4.6904
268	17	4.5826
269	25	5.0000
270	26	5.2915
271	19	4.5826
272	23	5.0000
273	30	5.4772
274	21	4.5826
275	25	5.0000
276	18	4.2426
277	17	4.3589
278	19	4.5826
279	17	4.1231
280	18	4.4721
281	14	4.0000
282	16	4.6904
283	19	4.3589
284	17	4.1231
285	14	4.4721
286	12	3.7417
287	10	3.4641
288	11	3.8730
289	20	4.4721
290	7	3.3166
291	8	3.4641
292	11	3.3166
293	12	3.4641
294	17	4.3589
295	9	3.6056
296	11	3.6056
297	12	3.7417
298	0	1.4142
299	12	4.0000
300	4	2.4495
301	10	3.7417
302	11	3.3166
303	3	2.2361
304	12	3.4641
305	10	3.1623
306	8	2.8284
307	6	3.1623
308	2	2.8284
309	11	3.6056
310	7	2.6458
311	7	3.0000
312	0	2.4495
313	5	2.2361
314	5	2.6458
315	5	2.6458
316	7	2.6458
317	6	2.4495
318	0	1.7321
319	4	2.0000
320	4	2.4495
321	2	2.0000
322	1	1.7321
323	2	1.4142
324	3	1.7321
325	5	2.2361
326	3	1.7321
327	3	1.7321
328	3	1.7321
329	4	2.0000
330	4	2.0000
331	2	1.4142
332	2	1.4142
333	2	1.4142
334	0	0.0000
335	4	2.0000
336	2	1.4142
337	1	1.0000
338	1	1.7321
339	1	1.0000
340	3	1.7321
341	2	1.4142
342	0	1.4142
343	2	1.4142
344	1	1.0000
345	1	1.0000
346	1	1.0000
347	0	1.7321
348	1	1.7321
349	1	1.0000
350	1	1.7321
351	0	0.0000
352	0	0.0000
353	2	1.4142
354	1	1.0000
355	0	0.0000
356	0	1.0000
357	0	1.4142
358	0	1.0000
359	0	1.0000
360	1	1.0000
361	0	0.0000
362	0	0.0000
363	0	0.0000
364	0	1.0000
365	0	0.0000
366	0	1.0000
367	0	0.0000
368	0	0.0000
369	0	1.4142
370	0	1.0000
371	0	0.0000
372	1	1.0000
373	3	2.2361
374	1	1.0000
375	0	0.0000
376	0	0.0000
377	0	1.4142
378	1	1.0000
379	0	0.0000
380	0	0.0000
381	0	1.4142
382	0	0.0000
383	0	0.0000
384	0	1.4142
385	0	1.4142
386	0	0.0000
387	0	0.0000
388	0	0.0000
389	0	0.0000
390	0	0.0000
391	2	1.4142
392	0	0.0000
393	0	0.0000
394	0	0.0000
395	0	1.0000
396	0	0.0000
397	0	0.0000
398	0	0.0000
399	1	1.0000
400	0	0.0000
401	1	1.0000
402	0	0.0000
403	0	1.0000
404	0	0.0000
405	0	0.0000
406	0	0.0000
407	0	0.0000
408	0	0.0000
409	0	0.0000
410	0	0.0000
411	0	0.0000
412	0	0.0000
413	0	0.0000
414	0	0.0000
415	2	1.4142
416	0	0.0000
417	0	0.0000
418	0	0.0000
419	1	1.0000
420	0	0.0000
421	1	1.0000
422	0	0.0000
423	0	0.0000
424	0	0.0000
425	0	0.0000
426	0	0.0000
427	0	0.0000
428	0	0.0000
429	0	0.0000
430	0	0.0000
431	0	0.0000
432	1	1.0000
433	0	0.0000
434	0	0.0000
435	0	0.0000
436	0	0.0000
437	0	0.0000
438	0	0.0000
439	0	0.0000
440	0	0.0000
441	0	0.0000
442	0	0.0000
443	0	0.0000
444	0	0.0000
445	0	0.0000
446	0	0.0000
447	0	0.0000
448	0	0.0000
449	0	0.0000
450	0	0.0000
451	0	0.0000
452	0	0.0000
453	0	1.0000
454	0	0.0000
455	0	0.0000
456	0	0.0000
457	0	0.0000
458	0	0.0000
459	0	1.0000
460	0	0.0000
461	0	0.0000
462	0	1.0000
463	0	0.0000
464	0	1.0000
465	1	1.0000
466	0	0.0000
467	0	0.0000
468	0	0.0000
469	0	0.0000
470	0	0.0000
471	1	1.0000
472	0	0.0000
473	0	0.0000
474	0	0.0000
475	0	0.0000
476	0	0.0000
477	0	0.0000
478	0	1.0000
479	0	0.0000
480	0	0.0000
481	0	0.0000
482	0	0.0000
483	0	0.0000
484	0	0.0000
485	0	0.0000
486	0	0.0000
487	0	0.0000
488	0	0.0000
489	1	1.0000
490	0	0.0000
491	0	0.0000
492	0	0.0000
493	1	1.0000
494	0	0.0000
495	0	0.0000
496	0	0.0000
497	0	0.0000
498	0	0.0000
499	0	0.0000
500	0	0.0000
501	0	0.0000
502	0	1.0000
503	0	0.0000
504	0	0.0000
505	0	0.0000
506	0	0.0000
507	0	0.0000
508	0	0.0000
509	1	1.0000
510	0	0.0000
511	0	1.4142
