E_4 / keV	N_4
0.0	0
3.0	2
6.0	304
9.0	9640
12.0	11414
15.0	9954
18.0	9055
21.0	8938
24.0	9528
27.0	9520
30.0	9722
33.0	10394
36.0	11067
39.0	11316
42.0	11470
45.0	11468
48.0	12264
51.0	11882
54.0	10809
57.0	10223
60.0	9071
63.0	8056
66.0	6994
69.0	6578
72.0	6411
75.0	6270
78.0	6192
81.0	6416
84.0	7049
87.0	7637
90.0	8266
93.0	8849
96.0	9824
99.0	9698
102.0	8520
105.0	8327
108.0	7405
111.0	6517
114.0	5443
117.0	4613
120.0	3987
123.0	3385
126.0	2965
129.0	2612
132.0	2650
135.0	2412
138.0	2388
141.0	2345
144.0	2469
147.0	2379
150.0	2248
153.0	2278
156.0	2211
159.0	2217
162.0	2154
165.0	2203
168.0	2351
171.0	2257
174.0	2220
177.0	2191
180.0	2287
183.0	2236
186.0	2235
189.0	2244
192.0	2238
195.0	2134
198.0	2054
201.0	2083
204.0	1974
207.0	1953
210.0	1873
213.0	1945
216.0	1925
219.0	1861
222.0	1784
225.0	1840
228.0	1786
231.0	1711
234.0	1688
237.0	1750
240.0	1770
243.0	1671
246.0	1636
249.0	1587
252.0	1672
255.0	1587
258.0	1656
261.0	1641
264.0	1668
267.0	1646
270.0	1590
273.0	1557
276.0	1590
279.0	1602
282.0	1494
285.0	1577
288.0	1739
291.0	1688
294.0	1489
297.0	1493
300.0	1494
303.0	1401
306.0	1423
309.0	1369
312.0	1451
315.0	1399
318.0	1245
321.0	1286
324.0	1289
327.0	1277
330.0	1258
333.0	1229
336.0	1246
339.0	1209
342.0	1251
345.0	1191
348.0	1217
351.0	1119
354.0	1117
357.0	1090
360.0	1121
363.0	1109
366.0	1055
369.0	1046
372.0	1095
375.0	1073
378.0	961
381.0	966
384.0	975
387.0	971
390.0	987
393.0	933
396.0	1026
399.0	915
402.0	945
405.0	918
408.0	983
411.0	986
414.0	911
417.0	887
420.0	858
423.0	855
426.0	904
429.0	843
432.0	818
435.0	893
438.0	830
441.0	799
444.0	868
447.0	863
450.0	852
453.0	807
456.0	835
459.0	774
462.0	782
465.0	781
468.0	773
471.0	761
474.0	743
477.0	715
480.0	781
483.0	789
486.0	723
489.0	727
492.0	728
495.0	734
498.0	674
501.0	724
504.0	690
507.0	688
510.0	670
513.0	676
516.0	670
519.0	642
522.0	669
525.0	663
528.0	710
531.0	617
534.0	618
537.0	652
540.0	597
543.0	603
546.0	620
549.0	630
552.0	603
555.0	606
558.0	530
561.0	612
564.0	583
567.0	575
570.0	521
573.0	500
576.0	550
579.0	541
582.0	522
585.0	552
588.0	514
591.0	491
594.0	549
597.0	473
600.0	514
603.0	538
606.0	476
609.0	453
612.0	484
615.0	470
618.0	440
621.0	424
624.0	518
627.0	443
630.0	412
633.0	434
636.0	449
639.0	448
642.0	412
645.0	435
648.0	458
651.0	396
654.0	399
657.0	423
660.0	431
663.0	384
666.0	372
669.0	412
672.0	393
675.0	359
678.0	412
681.0	333
684.0	400
687.0	352
690.0	326
693.0	364
696.0	356
699.0	371
702.0	345
705.0	350
708.0	342
711.0	328
714.0	349
717.0	302
720.0	361
723.0	326
726.0	279
729.0	305
732.0	327
735.0	327
738.0	314
741.0	321
744.0	312
747.0	299
750.0	289
753.0	278
756.0	307
759.0	308
762.0	264
765.0	321
768.0	258
771.0	244
774.0	255
777.0	245
780.0	278
783.0	266
786.0	254
789.0	260
792.0	279
795.0	247
798.0	246
801.0	237
804.0	240
807.0	250
810.0	257
813.0	236
816.0	262
819.0	229
822.0	226
825.0	195
828.0	222
831.0	221
834.0	210
837.0	225
840.0	210
843.0	199
846.0	208
849.0	208
852.0	216
855.0	195
858.0	201
861.0	205
864.0	203
867.0	187
870.0	198
873.0	194
876.0	177
879.0	171
882.0	157
885.0	203
888.0	215
891.0	185
894.0	172
897.0	148
900.0	175
903.0	166
906.0	167
909.0	168
912.0	170
915.0	167
918.0	152
921.0	166
924.0	166
927.0	135
930.0	165
933.0	136
936.0	146
939.0	145
942.0	157
945.0	152
948.0	147
951.0	130
954.0	123
957.0	137
960.0	144
963.0	127
966.0	112
969.0	122
972.0	119
975.0	128
978.0	131
981.0	120
984.0	119
987.0	107
990.0	99
993.0	109
996.0	121
999.0	132
1002.0	82
1005.0	112
1008.0	105
1011.0	82
1014.0	94
1017.0	88
1020.0	83
1023.0	72
1026.0	89
1029.0	112
1032.0	85
1035.0	94
1038.0	85
1041.0	95
1044.0	69
1047.0	94
1050.0	74
1053.0	82
1056.0	81
1059.0	78
1062.0	91
1065.0	82
1068.0	68
1071.0	79
1074.0	83
1077.0	74
1080.0	70
1083.0	65
1086.0	79
1089.0	86
1092.0	62
1095.0	81
1098.0	71
1101.0	92
1104.0	63
1107.0	78
1110.0	63
1113.0	72
1116.0	66
1119.0	58
1122.0	56
1125.0	58
1128.0	52
1131.0	71
1134.0	46
1137.0	66
1140.0	37
1143.0	54
1146.0	58
1149.0	53
1152.0	60
1155.0	62
1158.0	51
1161.0	50
1164.0	46
1167.0	38
1170.0	34
1173.0	37
1176.0	50
1179.0	48
1182.0	37
1185.0	38
1188.0	41
1191.0	43
1194.0	43
1197.0	51
1200.0	41
1203.0	29
1206.0	23
1209.0	30
1212.0	25
1215.0	29
1218.0	28
1221.0	24
1224.0	32
1227.0	50
1230.0	33
1233.0	36
1236.0	33
1239.0	30
1242.0	28
1245.0	23
1248.0	14
1251.0	25
1254.0	19
1257.0	29
1260.0	19
1263.0	28
1266.0	24
1269.0	24
1272.0	17
1275.0	24
1278.0	20
1281.0	18
1284.0	15
1287.0	22
1290.0	19
1293.0	22
1296.0	17
1299.0	17
1302.0	17
1305.0	10
1308.0	10
1311.0	16
1314.0	16
1317.0	15
1320.0	12
1323.0	6
1326.0	13
1329.0	13
1332.0	13
1335.0	13
1338.0	11
1341.0	5
1344.0	9
1347.0	8
1350.0	7
1353.0	12
1356.0	5
1359.0	10
1362.0	10
1365.0	8
1368.0	7
1371.0	7
1374.0	5
1377.0	6
1380.0	7
1383.0	6
1386.0	8
1389.0	10
1392.0	5
1395.0	6
1398.0	8
1401.0	3
1404.0	6
1407.0	7
1410.0	6
1413.0	7
1416.0	3
1419.0	7
1422.0	5
1425.0	5
1428.0	4
1431.0	8
1434.0	7
1437.0	2
1440.0	6
1443.0	8
1446.0	2
1449.0	5
1452.0	2
1455.0	5
1458.0	5
1461.0	0
1464.0	1
1467.0	4
1470.0	2
1473.0	5
1476.0	1
1479.0	2
1482.0	2
1485.0	3
1488.0	1
1491.0	5
1494.0	3
1497.0	0
1500.0	4
1503.0	0
1506.0	0
1509.0	1
1512.0	1
1515.0	1
1518.0	1
1521.0	0
1524.0	1
1527.0	1
1530.0	1
1533.0	4
